,Unnamed: 0,brand,guaranteed_authentic_brand,model_variant,core_model,price,negotiable_price,bezel_material,bezel_plated,case_material,case_plated,dial
2,2,tudor,False,Standard,Prince Oysterdate,1650.0,True,gold/steel,False,gold/steel,False,gold
5,5,tudor,False,Standard,Black Bay Chrono,11725.0,False,steel,False,steel,False,pink
7,7,tudor,False,Standard,Unknown/Other,1599.0,True,yellow gold,False,gold/steel,False,champagne
11,11,tudor,False,Standard,Black Bay Chrono,8995.0,True,steel,False,steel,False,pink
12,12,tudor,False,Standard,Black Bay GMT,4599.0,False,steel,False,steel,False,black
17,17,tudor,False,Standard,Black Bay Chrono,13225.0,False,steel,False,steel,False,turquoise
27,27,tudor,False,Standard,Black Bay Steel,2988.0,False,steel,False,steel,False,black
29,29,tudor,False,Standard,Black Bay GMT,5225.0,False,steel,False,steel,False,black
32,32,tudor,False,Standard,Unknown/Other,5075.0,False,aluminum,False,steel,False,black
33,33,tudor,False,Standard,Unknown/Other,985.0,True,steel,False,steel,False,blue
34,34,tudor,False,Standard,Black Bay 54,6625.0,True,steel,False,steel,False,blue
38,38,tudor,False,Standard,Unknown/Other,3190.0,True,aluminum,False,silver,False,grey
39,39,tudor,False,Standard,Black Bay Pro,2950.0,False,rose gold,False,steel,False,black
42,42,tudor,False,Standard,Unknown/Other,4875.0,False,aluminum,False,steel,False,bordeaux
43,43,tudor,False,Standard,Black Bay Fifty-Eight,3350.0,False,steel,False,steel,False,black
46,46,tudor,False,Standard,Black Bay 36,3500.0,True,steel,False,steel,False,grey
47,47,tudor,False,Standard,Unknown/Other,2890.0,True,aluminum,False,steel,False,black
48,48,tudor,False,Standard,Black Bay 41,3250.0,True,steel,False,steel,False,grey
50,50,tudor,False,Standard,Black Bay 54,5671.0,False,steel,False,steel,False,blue
54,54,tudor,False,Standard,Black Bay Fifty-Eight,3995.0,True,steel,False,steel,False,black
55,55,tudor,False,Standard,Black Bay Chrono,9699.0,False,steel,False,steel,False,pink
56,56,tudor,False,Standard,Grantour Date,2290.0,True,aluminum,False,steel,False,silver
57,57,tudor,False,Standard,Black Bay Steel,3950.0,True,steel,False,steel,False,blue
60,60,tudor,False,Standard,Black Bay Fifty-Eight,4500.0,True,aluminum,False,steel,False,blue
61,61,tudor,False,Standard,Black Bay 32,2250.0,False,steel,False,steel,False,blue
62,62,tudor,False,Standard,1926,1795.0,False,steel,False,steel,False,white
64,64,tudor,False,Standard,Black Bay GMT,4500.0,False,steel,False,steel,False,black
65,66,tudor,False,Standard,Submariner,4200.0,True,steel,False,steel,False,black
66,67,tudor,False,Standard,Black Bay Fifty-Eight,3300.0,False,aluminum,False,steel,False,blue
68,69,tudor,False,Standard,Black Bay GMT,5000.0,True,steel,False,steel,False,black
72,75,tudor,False,Standard,Black Bay Chrono,4700.0,False,steel,False,steel,False,white
73,76,tudor,False,Standard,Submariner,7995.0,True,steel,False,steel,False,blue
74,78,tudor,False,Standard,Unknown/Other,4499.0,True,steel,False,steel,False,black
76,80,tudor,False,Standard,Black Bay 54,5355.0,False,steel,False,steel,False,blue
77,81,tudor,False,Standard,Black Bay 41,2900.0,False,steel,False,steel,False,silver
79,83,tudor,False,Standard,Black Bay Fifty-Eight,4100.0,True,steel,False,steel,False,black
80,84,tudor,False,Standard,Heritage Advisor,3350.0,True,steel,False,steel,False,silver
82,86,tudor,False,Standard,Pelagos,3295.0,False,titanium,False,carbon,False,blue
86,91,tudor,False,Standard,Pelagos Ultra,5975.0,False,titanium,False,titanium,False,black
87,92,tudor,False,Standard,Black Bay Pro,4449.0,False,steel,False,steel,False,white
88,93,tudor,False,Standard,Black Bay Chrono,5697.0,False,steel,False,steel,False,white
92,98,tudor,False,Standard,Unknown/Other,3995.0,False,steel,False,steel,False,black
94,100,tudor,False,Standard,Ranger,3295.0,True,steel,False,steel,False,black
96,102,tudor,False,Standard,1926,2075.0,False,aluminum,False,steel,False,white
97,103,tudor,False,Standard,Unknown/Other,5300.0,True,steel,False,steel,False,black
98,104,tudor,False,Standard,Unknown/Other,4649.0,False,steel,False,steel,False,red
100,106,tudor,False,Standard,Unknown/Other,3975.0,True,silver,False,silver,False,grey
101,108,tudor,False,Standard,Black Bay GMT,3290.0,True,aluminum,False,steel,False,black
102,109,tudor,False,Standard,Black Bay 41,4499.0,False,steel,False,steel,False,black
104,111,tudor,False,Standard,Black Bay Chrono,4490.0,True,steel,False,steel,False,white
105,112,tudor,False,Standard,Unknown/Other,3500.0,False,aluminum,False,silver,False,grey
106,113,tudor,False,Standard,Black Bay Pro,4500.0,False,steel,False,steel,False,white
107,114,tudor,False,Standard,Black Bay GMT,4250.0,False,steel,False,steel,False,white
109,116,tudor,False,Standard,Black Bay Fifty-Eight,3499.0,False,aluminum,False,steel,False,black
110,117,tudor,False,Standard,Unknown/Other,3790.0,True,aluminum,False,steel,False,black
111,118,tudor,False,Standard,Unknown/Other,4950.0,True,bronze,False,bronze,False,blue
112,119,tudor,False,Standard,Unknown/Other,4750.0,True,steel,False,steel,False,black
114,121,tudor,False,Standard,Unknown/Other,2900.0,False,steel,False,steel,False,black
116,123,tudor,False,Standard,Prince Oysterdate,1574.0,True,yellow gold,False,gold/steel,False,gold
120,134,tudor,False,Standard,Unknown/Other,5900.0,True,aluminum,False,steel,False,blue
126,152,tudor,False,Standard,Unknown/Other,4999.0,True,bronze,False,bronze,False,brown
127,153,tudor,False,Standard,Pelagos,3795.0,True,ceramic,False,titanium,False,black
130,164,tudor,False,Standard,Black Bay Chrono,9499.0,True,steel,False,steel,False,pink
132,175,tudor,False,Standard,Black Bay Chrono,5585.0,False,steel,False,steel,False,white
134,179,tudor,False,Standard,Oyster Prince,1095.0,True,steel,False,steel,False,black
139,207,tudor,False,Standard,Black Bay Fifty-Eight,2720.0,False,steel,False,steel,False,blue
140,209,tudor,False,Standard,Black Bay Pro,4599.0,False,steel,False,steel,False,white
142,220,tudor,False,Standard,Fastrider Chrono,3795.0,True,ceramic,False,steel,False,green
143,224,tudor,False,Standard,Glamour Date,3990.0,False,steel,False,steel,False,silver
144,229,tudor,False,Standard,Unknown/Other,2950.0,True,steel,False,steel,False,black
146,237,tudor,False,Standard,Pelagos Ultra,5799.0,False,titanium,False,titanium,False,black
148,244,tudor,False,Standard,Unknown/Other,3495.0,True,steel,False,steel,False,black
149,250,tudor,False,Standard,1926,14000.0,False,steel,False,steel,False,white
153,258,tudor,False,Standard,1926,2188.0,True,steel,False,steel,False,white
155,263,tudor,False,Standard,Black Bay 41,4699.0,False,steel,False,steel,False,black
156,264,tudor,False,Standard,Pelagos,3800.0,False,titanium,False,titanium,False,blue
157,265,tudor,False,Standard,Black Bay Chrono,4290.0,True,aluminum,False,gold/steel,False,black
158,266,tudor,False,Standard,Unknown/Other,4400.0,False,steel,False,steel,False,silver
159,269,tudor,False,Standard,Black Bay Fifty-Eight,3650.0,False,steel,False,steel,False,black
163,274,tudor,False,Standard,Glamour Double Date,2350.0,True,steel,False,steel,False,silver
164,275,tudor,False,Standard,Unknown/Other,4500.0,False,steel,False,steel,False,black
165,276,tudor,False,Standard,Black Bay Fifty-Eight,3490.0,False,steel,False,steel,False,black
169,280,tudor,False,Standard,Unknown/Other,5150.0,False,steel,False,steel,False,white
170,281,tudor,False,Standard,Pelagos,3299.0,True,titanium,False,carbon,False,blue
171,282,tudor,False,Standard,Pelagos,4130.0,False,titanium,False,carbon,False,blue
175,289,tudor,False,Standard,Black Bay Fifty-Eight,3900.0,False,bronze,False,bronze,False,brown
176,290,tudor,False,Standard,Black Bay Chrono,3800.0,False,steel,False,steel,False,black
177,292,tudor,False,Standard,Heritage Chrono,3450.0,True,aluminum,False,steel,False,grey
178,293,tudor,False,Standard,Ranger,3299.0,False,steel,False,steel,False,black
179,294,tudor,False,Standard,Black Bay 54,4050.0,False,steel,False,steel,False,black
180,295,tudor,False,Standard,Unknown/Other,4500.0,False,steel,False,steel,False,black
182,298,tudor,False,Standard,Black Bay Fifty-Eight,3830.0,False,silver,False,silver,False,grey
183,299,tudor,False,Standard,Black Bay Chrono,5100.0,False,aluminum,False,steel,False,blue
184,300,tudor,False,Standard,Black Bay GMT,4695.0,True,yellow gold,False,gold/steel,False,black
185,301,tudor,False,Standard,Fastrider Chrono,2850.0,True,steel,False,steel,False,black
186,302,tudor,False,Standard,Black Bay Chrono,11825.0,False,carbon,False,carbon,False,white
187,303,tudor,False,Standard,Unknown/Other,1995.0,True,gold,True,steel,False,white
189,305,tudor,False,Standard,Black Bay Chrono,3800.0,True,steel,False,steel,False,black
190,306,tudor,False,Standard,Pelagos,4099.0,False,titanium,False,titanium,False,black
191,307,tudor,False,Standard,Pelagos,3850.0,False,ceramic,False,titanium,False,black
192,308,tudor,False,Standard,Pelagos,4395.0,False,titanium,False,titanium,False,black
193,310,tudor,False,Standard,Grantour Chrono Fly-Back,3390.0,True,steel,False,steel,False,white
195,313,tudor,False,Standard,Black Bay Chrono,3600.0,False,steel,False,steel,False,black
196,314,tudor,False,Standard,Black Bay Pro,3795.0,False,steel,False,steel,False,black
197,316,tudor,False,Standard,Black Bay 41,4499.0,False,steel,False,steel,False,black
199,318,tudor,False,Standard,Black Bay Dark,3299.0,True,steel,False,steel,False,black
200,319,tudor,False,Standard,Black Bay Chrono,4995.0,True,steel,False,steel,False,black
201,320,tudor,False,Standard,Unknown/Other,3797.0,False,bronze,False,bronze,False,grey
204,326,tudor,False,Standard,Black Bay 32,2700.0,False,steel,False,steel,False,blue
205,327,tudor,False,Standard,Submariner,18500.0,True,steel,False,steel,False,blue
206,329,tudor,False,Standard,Black Bay Chrono,4795.0,True,steel,False,steel,False,white
207,330,tudor,False,Standard,Black Bay 32,15000.0,True,steel,False,steel,False,blue
208,332,tudor,False,Standard,Submariner,7000.0,True,steel,False,steel,False,black
209,336,tudor,False,Standard,Black Bay S&G,5200.0,False,yellow gold,False,gold/steel,False,black
211,338,tudor,False,Standard,Unknown/Other,2950.0,False,rose gold,False,steel,False,black
216,344,tudor,False,Standard,Black Bay Fifty-Eight,3099.0,False,aluminum,False,steel,False,blue
217,345,tudor,False,Standard,Black Bay 54,5399.0,False,steel,False,steel,False,blue
219,347,tudor,False,Standard,Royal,2469.0,False,yellow gold,False,steel,False,pink
220,348,tudor,False,Standard,Black Bay Pro,3190.0,False,steel,False,steel,False,black
221,349,tudor,False,Standard,Unknown/Other,2990.0,False,steel,False,steel,False,black
222,350,tudor,True,Standard,Oysterdate Big Block,5713.0,False,steel,False,steel,False,white
223,351,tudor,False,Standard,Black Bay Chrono,4688.0,True,steel,False,steel,False,white
224,353,tudor,False,Standard,Pelagos,3149.0,False,titanium,False,carbon,False,blue
225,354,tudor,False,Standard,1926,2195.0,False,steel,False,steel,False,white
227,356,tudor,False,Standard,Black Bay Chrono,4100.0,False,steel,False,steel,False,black
229,359,tudor,False,Standard,Unknown/Other,3100.0,False,steel,False,steel,False,black
231,361,tudor,False,Standard,Black Bay Fifty-Eight,3799.0,True,aluminum,False,steel,False,blue
232,362,tudor,False,Standard,Pelagos,3699.0,True,titanium,False,carbon,False,blue
234,365,tudor,False,Standard,Black Bay Steel,4595.0,False,steel,False,steel,False,black
236,367,tudor,False,Standard,Pelagos,4780.0,True,titanium,False,titanium,False,black
237,368,tudor,False,Standard,Black Bay S&G,5272.0,True,yellow gold,False,steel,False,black
238,369,tudor,False,Standard,Pelagos,4435.0,False,titanium,False,titanium,False,black
239,371,tudor,False,Standard,Ranger,5114.0,False,steel,False,steel,False,white
241,373,tudor,False,Standard,Unknown/Other,3880.0,False,steel,False,steel,False,grey
243,375,tudor,False,Standard,Pelagos,9569.0,False,carbon,False,carbon,False,black
245,377,tudor,False,Standard,Unknown/Other,3299.0,False,steel,False,steel,False,black
247,379,tudor,False,Standard,Pelagos,5250.0,True,titanium,False,titanium,False,black
248,381,tudor,False,Standard,Submariner,5495.0,True,steel,False,steel,False,black
251,384,tudor,False,Standard,Black Bay Chrono,10700.0,True,steel,False,steel,False,turquoise
254,387,tudor,False,Standard,Royal,3895.0,False,yellow gold,False,gold/steel,False,silver
255,389,tudor,False,Standard,Black Bay Pro,4550.0,True,steel,False,steel,False,white
256,390,tudor,False,Standard,Black Bay 41,3250.0,True,steel,False,steel,False,black
258,392,tudor,False,Standard,Unknown/Other,3290.0,True,aluminum,False,silver,False,grey
259,393,tudor,False,Standard,Classic,1999.0,True,steel,False,steel,False,grey
261,398,tudor,False,Standard,Pelagos,3995.0,True,titanium,False,carbon,False,blue
263,402,tudor,False,Standard,Black Bay GMT,2742.0,False,steel,False,steel,False,black
264,405,tudor,False,Standard,Pelagos,3190.0,False,titanium,False,carbon,False,blue
266,408,tudor,False,Standard,Unknown/Other,4700.0,False,steel,False,steel,False,black
267,409,tudor,False,Standard,Pelagos,4250.0,True,titanium,False,titanium,False,blue
268,410,tudor,False,Standard,Black Bay GMT,3999.0,False,steel,False,steel,False,white
269,411,tudor,False,Standard,Black Bay S&G,4795.0,False,yellow gold,False,steel,False,black
271,414,tudor,False,Standard,Pelagos,3995.0,False,titanium,False,titanium,False,blue
272,415,tudor,False,Standard,Pelagos,3698.0,False,titanium,False,titanium,False,blue
273,416,tudor,False,Standard,Black Bay Pro,4999.0,True,steel,False,steel,False,white
275,419,tudor,False,Standard,Ranger,4199.0,False,steel,False,steel,False,black
276,420,tudor,False,Standard,Black Bay Fifty-Eight,3599.0,True,steel,False,steel,False,black
277,422,tudor,False,Standard,Black Bay GMT,4750.0,True,steel,False,steel,False,black
278,425,tudor,False,Standard,Black Bay Fifty-Eight,3375.0,True,aluminum,False,steel,False,blue
280,427,tudor,False,Standard,Black Bay Chrono,4999.0,False,aluminum,False,steel,False,blue
281,428,tudor,False,Standard,Black Bay GMT,4549.0,False,steel,False,steel,False,black
282,429,tudor,False,Standard,Black Bay GMT,4395.0,False,steel,False,steel,False,black
283,431,tudor,False,Standard,Pelagos,3999.0,True,titanium,False,titanium,False,blue
284,432,tudor,False,Standard,Black Bay 54,5499.0,True,steel,False,steel,False,blue
285,433,tudor,False,Standard,Unknown/Other,3275.0,False,steel,False,steel,False,black
287,435,tudor,False,Standard,Unknown/Other,3350.0,True,bronze,False,bronze,False,grey
288,437,tudor,False,Standard,Pelagos,3549.0,False,titanium,False,titanium,False,blue
289,438,tudor,False,Standard,Black Bay Pro,3500.0,True,steel,False,steel,False,black
290,439,tudor,False,Standard,Unknown/Other,4850.0,False,steel,False,steel,False,red
291,440,tudor,False,Standard,Oysterdate Big Block,6000.0,True,steel,False,steel,False,black
292,441,tudor,True,Standard,Pelagos,4153.0,False,titanium,False,titanium,False,black
293,443,tudor,False,Standard,Unknown/Other,3875.0,True,ceramic,False,ceramic,False,black
294,444,tudor,False,Standard,Black Bay Chrono,5975.0,False,aluminum,False,steel,False,blue
295,445,tudor,False,Standard,Pelagos,4600.0,False,titanium,False,titanium,False,black
296,446,tudor,False,Standard,Pelagos Ultra,5799.0,False,titanium,False,titanium,False,black
297,447,tudor,False,Standard,Black Bay Chrono,9200.0,False,steel,False,steel,False,pink
302,453,tudor,False,Standard,Pelagos,4875.0,False,titanium,False,titanium,False,black
303,455,tudor,False,Standard,Unknown/Other,4085.0,True,steel,False,steel,False,champagne
304,456,tudor,False,Standard,1926,3000.0,True,steel,False,gold/steel,False,black
305,457,tudor,False,Standard,Unknown/Other,4395.0,True,steel,False,steel,False,grey
306,458,tudor,False,Standard,Pelagos,8999.0,False,titanium,False,titanium,False,black
309,462,tudor,False,Standard,Black Bay GMT,4175.0,False,aluminum,False,steel,False,black
311,464,tudor,False,Standard,Unknown/Other,3899.0,True,steel,False,steel,False,black
314,472,tudor,False,Standard,Black Bay Chrono,4885.0,False,steel,False,steel,False,white
315,476,tudor,False,Standard,Black Bay Chrono,4190.0,True,steel,False,steel,False,black
317,479,tudor,False,Standard,Black Bay GMT,4400.0,False,steel,False,steel,False,black
318,480,tudor,False,Standard,Royal,4895.0,False,yellow gold,False,gold/steel,False,silver
319,481,tudor,False,Standard,Unknown/Other,3899.0,False,steel,False,steel,False,black
320,482,tudor,True,Standard,Tiger Prince Date,4153.0,False,steel,False,steel,False,black
321,483,tudor,False,Standard,Unknown/Other,3299.0,True,steel,False,steel,False,black
322,485,tudor,False,Standard,Black Bay Chrono,4799.0,True,steel,False,steel,False,white
323,486,tudor,False,Standard,Unknown/Other,4295.0,False,steel,False,ceramic,False,black
325,488,tudor,False,Standard,Black Bay Chrono,4299.0,False,steel,False,steel,False,black
327,491,tudor,False,Standard,Black Bay GMT,3799.0,False,steel,False,steel,False,white
328,492,tudor,True,Standard,Prince Oysterdate,2280.0,False,yellow gold,False,steel,False,silver
330,494,tudor,False,Standard,Pelagos,3390.0,True,titanium,False,carbon,False,blue
332,498,tudor,True,Standard,Black Bay GMT,4881.0,False,steel,False,steel,False,black
333,499,tudor,False,Standard,Black Bay GMT,4600.0,False,steel,False,steel,False,black
334,501,tudor,False,Standard,Black Bay Chrono,9480.0,False,steel,False,steel,False,pink
336,505,tudor,False,Standard,Black Bay Chrono,6300.0,False,aluminum,False,steel,False,blue
338,507,tudor,False,Standard,Black Bay GMT,3999.0,True,steel,False,steel,False,black
339,509,tudor,False,Standard,Pelagos,3790.0,False,titanium,False,titanium,False,blue
340,510,tudor,False,Standard,Royal,2699.0,False,steel,False,steel,False,blue
342,512,tudor,False,Standard,Black Bay Chrono,4699.0,True,steel,False,steel,False,black
343,513,tudor,False,Standard,Black Bay Chrono,4999.0,True,aluminum,False,steel,False,white
344,515,tudor,False,Standard,Black Bay Dark,3999.0,False,steel,False,steel,False,black
346,517,tudor,False,Standard,Black Bay Fifty-Eight,7999.0,True,steel,False,steel,False,blue
348,519,tudor,False,Standard,Black Bay GMT,4975.0,False,steel,False,steel,False,black
349,521,tudor,True,Standard,Pelagos,4360.0,False,titanium,False,titanium,False,black
350,522,tudor,True,Standard,Unknown/Other,3945.0,False,steel,False,steel,False,black
351,523,tudor,False,Standard,Black Bay Fifty-Eight,3999.0,False,steel,False,steel,False,black
352,524,tudor,False,Standard,Unknown/Other,4999.0,True,steel,False,steel,False,red
354,528,tudor,False,Standard,Black Bay Chrono,11375.0,False,steel,False,steel,False,turquoise
355,529,tudor,False,Standard,Black Bay Pro,3875.0,True,steel,False,steel,False,black
358,533,tudor,False,Standard,Black Bay GMT,4705.0,False,steel,False,steel,False,black
361,536,tudor,False,Standard,Black Bay GMT,4799.0,True,steel,False,steel,False,black
363,541,tudor,False,Standard,Black Bay Chrono,9810.0,False,steel,False,steel,False,pink
364,542,tudor,False,Standard,Black Bay Chrono,10600.0,False,steel,False,steel,False,turquoise
365,543,tudor,False,Standard,Pelagos,3599.0,False,titanium,False,titanium,False,blue
366,544,tudor,False,Standard,Ranger,3600.0,True,steel,False,steel,False,black
367,545,tudor,False,Standard,Pelagos,3895.0,True,titanium,False,titanium,False,blue
368,546,tudor,False,Standard,Black Bay GMT,4750.0,False,steel,False,steel,False,black
369,547,tudor,False,Standard,Ranger,3575.0,True,steel,False,steel,False,black
371,552,tudor,False,Standard,Black Bay Chrono,9250.0,True,steel,False,steel,False,pink
372,553,tudor,False,Standard,Black Bay 41,4195.0,False,steel,False,steel,False,grey
374,555,tudor,False,Standard,Pelagos,4845.0,True,titanium,False,titanium,False,blue
375,557,tudor,False,Standard,Black Bay GMT,4995.0,True,steel,False,steel,False,black
376,558,tudor,False,Standard,Unknown/Other,4100.0,False,steel,False,steel,False,black
377,559,tudor,False,Standard,Pelagos,4200.0,False,titanium,False,carbon,False,blue
378,560,tudor,False,Standard,Black Bay Chrono,9397.0,False,steel,False,steel,False,pink
380,563,tudor,False,Standard,Black Bay Pro,3900.0,False,steel,False,steel,False,black
381,564,tudor,False,Standard,Black Bay Chrono,8500.0,False,carbon,False,carbon,False,white
382,565,tudor,False,Standard,Black Bay 54,5899.0,False,steel,False,steel,False,blue
383,566,tudor,False,Standard,Black Bay Steel,3450.0,True,steel,False,steel,False,black
384,567,tudor,False,Standard,Unknown/Other,3595.0,False,steel,False,steel,False,black
385,569,tudor,False,Standard,Pelagos,4450.0,True,carbon,False,carbon,False,black
386,570,tudor,False,Standard,Black Bay Pro,4845.0,True,steel,False,steel,False,white
387,571,tudor,False,Standard,Pelagos,4549.0,False,titanium,False,carbon,False,blue
388,572,tudor,False,Standard,Black Bay Chrono,10900.0,False,steel,False,steel,False,pink
391,576,tudor,False,Standard,Black Bay 54,6395.0,False,steel,False,steel,False,blue
392,577,tudor,False,Standard,Black Bay Chrono,9295.0,True,steel,False,steel,False,pink
393,578,tudor,False,Standard,Black Bay Chrono,5300.0,False,aluminum,False,steel,False,blue
394,579,tudor,False,Standard,Black Bay Chrono,9799.0,False,steel,False,steel,False,pink
396,582,tudor,False,Standard,Black Bay 54,5499.0,True,steel,False,steel,False,blue
398,584,tudor,False,Standard,Unknown/Other,4450.0,False,steel,False,steel,False,red
399,585,tudor,False,Standard,Black Bay Chrono,9485.0,False,steel,False,steel,False,pink
400,587,tudor,False,Standard,Pelagos,4595.0,False,carbon,False,carbon,False,black
401,588,tudor,False,Standard,Black Bay Chrono,11430.0,False,steel,False,steel,False,turquoise
402,589,tudor,False,Standard,Black Bay Chrono,10500.0,True,steel,False,steel,False,pink
403,590,tudor,False,Standard,Black Bay Chrono,9999.0,False,carbon,False,carbon,False,white
405,594,tudor,False,Standard,Pelagos Ultra,6500.0,True,titanium,False,titanium,False,black
408,600,tudor,False,Standard,Pelagos,5795.0,False,titanium,False,titanium,False,black
409,601,tudor,False,Standard,Royal,4295.0,False,yellow gold,False,gold/steel,False,black
410,602,tudor,False,Standard,Black Bay GMT,4540.0,False,steel,False,steel,False,silver
411,603,tudor,False,Standard,Black Bay Chrono,5100.0,False,steel,False,steel,False,black
412,605,tudor,False,Standard,Black Bay Chrono,4200.0,True,aluminum,False,steel,False,black
413,606,tudor,False,Standard,Unknown/Other,4175.0,True,steel,False,steel,False,black
414,607,tudor,False,Standard,Ranger,2900.0,True,steel,False,steel,False,black
415,608,tudor,False,Standard,Unknown/Other,5450.0,True,steel,False,steel,False,black
416,609,tudor,False,Standard,Black Bay GMT,4275.0,True,steel,False,steel,False,black
417,612,tudor,False,Standard,Black Bay 41,4672.0,False,steel,False,steel,False,black
418,613,tudor,False,Standard,Black Bay 41,3700.0,True,steel,False,steel,False,black
419,624,tudor,False,Standard,Black Bay 36,2950.0,False,silver,False,steel,False,blue
420,625,tudor,False,Standard,Black Bay Chrono,7800.0,False,yellow gold,False,gold/steel,False,black
422,627,tudor,False,Standard,Black Bay Chrono,4940.0,False,steel,False,steel,False,silver
423,628,tudor,False,Standard,Pelagos,3575.0,True,titanium,False,carbon,False,blue
426,632,tudor,False,Standard,Black Bay Chrono,4495.0,False,steel,False,steel,False,white
427,633,tudor,False,Standard,Black Bay Steel,4895.0,False,steel,False,steel,False,black
428,634,tudor,False,Standard,Ranger,2995.0,False,steel,False,steel,False,black
430,637,tudor,False,Standard,Black Bay Chrono,5195.0,False,steel,False,steel,False,black
432,639,tudor,False,Standard,Royal,4895.0,False,yellow gold,False,gold/steel,False,champagne
433,640,tudor,False,Standard,Black Bay Chrono,11000.0,True,carbon,False,carbon,False,white
437,644,tudor,False,Standard,1926,2695.0,True,steel,False,steel,False,black
438,645,tudor,False,Standard,Black Bay Chrono,10995.0,True,steel,False,steel,False,turquoise
441,649,tudor,False,Standard,Black Bay Fifty-Eight,3900.0,False,steel,False,steel,False,black
444,652,tudor,False,Standard,Black Bay Chrono,4299.0,True,steel,False,steel,False,black
445,654,tudor,True,Standard,Unknown/Other,4153.0,False,steel,False,steel,False,black
447,656,tudor,False,Standard,Unknown/Other,4750.0,True,steel,False,steel,False,blue
450,660,tudor,False,Standard,Black Bay GMT,5075.0,False,aluminum,False,steel,False,black
452,662,tudor,False,Standard,Unknown/Other,3988.0,True,steel,False,steel,False,black
453,663,tudor,False,Standard,Unknown/Other,3599.0,False,ceramic,False,ceramic,False,black
456,667,tudor,False,Standard,Ranger,4850.0,True,steel,False,steel,False,white
457,668,tudor,False,Standard,Black Bay Fifty-Eight,4295.0,False,silver,False,silver,False,grey
458,669,tudor,True,Standard,Black Bay Steel,4153.0,False,steel,False,steel,False,blue
461,673,tudor,False,Standard,1926,2750.0,True,rose gold,False,gold/steel,False,black
462,674,tudor,False,Standard,Pelagos,4250.0,False,titanium,False,carbon,False,blue
463,675,tudor,False,Standard,Black Bay S&G,4295.0,False,yellow gold,False,gold/steel,False,black
468,681,tudor,False,Standard,Submariner,7995.0,True,steel,False,steel,False,black
471,688,tudor,False,Standard,Pelagos,4195.0,False,titanium,False,carbon,False,blue
472,693,tudor,False,Standard,Black Bay Chrono,9440.0,True,steel,False,steel,False,pink
475,699,tudor,False,Standard,Black Bay GMT,4350.0,False,steel,False,steel,False,white
476,700,tudor,False,Standard,Pelagos,4390.0,False,carbon,False,carbon,False,black
478,703,tudor,False,Standard,Royal,3150.0,False,steel,False,steel,False,black
480,705,tudor,False,Standard,Unknown/Other,4780.0,True,steel,False,steel,False,silver
482,708,tudor,False,Standard,Oysterdate Big Block,6482.0,False,steel,False,steel,False,silver
486,712,tudor,False,Standard,Black Bay Fifty-Eight,3699.0,True,steel,False,steel,False,blue
487,714,tudor,False,Standard,Unknown/Other,3895.0,True,steel,False,steel,False,black
489,716,tudor,False,Standard,Royal,2695.0,True,steel,False,steel,False,black
490,717,tudor,False,Standard,Black Bay 54,4475.0,False,aluminum,False,steel,False,black
491,718,tudor,False,Standard,Pelagos,6125.0,False,titanium,False,titanium,False,black
494,724,tudor,False,Standard,Prince Oysterdate,1895.0,False,steel,False,steel,False,silver
497,728,tudor,False,Standard,Black Bay Fifty-Eight,3750.0,True,silver,False,silver,False,grey
499,730,tudor,True,Standard,Prince Date Day,5193.0,False,steel,False,steel,False,silver
500,732,tudor,False,Standard,Pelagos Ultra,6285.0,True,titanium,False,titanium,False,black
501,733,tudor,False,Standard,Black Bay Steel,4625.0,False,steel,False,steel,False,black
504,738,tudor,False,Standard,Black Bay 54,5900.0,True,steel,False,steel,False,blue
507,741,tudor,False,Standard,Unknown/Other,11799.0,False,yellow gold,False,yellow gold,False,green
511,746,tudor,False,Standard,Pelagos,3390.0,True,titanium,False,carbon,False,blue
512,747,tudor,False,Standard,Unknown/Other,3797.0,False,bronze,False,bronze,False,brown
514,749,tudor,False,Standard,Pelagos,5995.0,False,titanium,False,titanium,False,black
515,750,tudor,False,Standard,Black Bay Chrono,4795.0,True,steel,False,steel,False,black
519,755,tudor,False,Standard,Black Bay S&G,4199.0,True,yellow gold,False,steel,False,champagne
522,761,tudor,False,Standard,Black Bay Chrono,10750.0,True,carbon,False,carbon,False,white
524,763,tudor,False,Standard,Black Bay Chrono,10495.0,True,steel,False,steel,False,turquoise
525,767,tudor,False,Standard,Black Bay Fifty-Eight,3665.0,True,aluminum,False,steel,False,black
528,2,rolex,False,No Date,Submariner,13750.0,False,steel,False,steel,False,black
530,4,rolex,False,Standard,Datejust 36,4595.0,False,yellow gold,False,gold/steel,False,silver
531,5,rolex,False,Standard,Sky-Dweller,25350.0,False,white gold,False,steel,False,blue
532,6,rolex,False,Standard,Sea-Dweller Deepsea,9595.0,False,ceramic,False,steel,False,black
533,7,rolex,False,Standard,Datejust 36,5495.0,False,yellow gold,False,gold/steel,False,champagne
534,8,rolex,False,Date,Submariner,9899.0,False,yellow gold,False,gold/steel,False,blue
535,9,rolex,False,Standard,Oyster Perpetual Lady Date,2699.0,False,steel,False,steel,False,grey
536,10,rolex,False,No Date,Submariner,9239.0,True,aluminum,False,steel,False,black
537,11,rolex,False,Standard,Sky-Dweller,50000.0,False,rose gold,False,rose gold,False,brown
538,12,rolex,False,Standard,Datejust 36,5400.0,False,steel,False,steel,False,silver
539,13,rolex,False,Standard,Datejust 36,5595.0,False,yellow gold,False,gold/steel,False,black
540,14,rolex,False,Standard,Unknown/Other,35000.0,True,yellow gold,False,yellow gold,False,white
541,15,rolex,False,Standard,GMT-Master II,12195.0,False,ceramic,False,steel,False,black
542,16,rolex,False,Standard,Datejust 36,7000.0,False,steel,False,steel,False,black
543,17,rolex,False,Standard,Datejust 41,16950.0,False,white gold,False,steel,False,grey
544,18,rolex,True,Standard,GMT-Master II,11744.0,False,ceramic,False,steel,False,black
546,20,rolex,False,Standard,Day-Date 36,19950.0,True,yellow gold,False,yellow gold,False,white
547,21,rolex,False,Date,Submariner,10050.0,False,yellow gold,False,gold/steel,False,blue
548,22,rolex,False,Standard,Explorer,6500.0,False,steel,False,steel,False,silver
549,23,rolex,False,Standard,Lady-Datejust,18995.0,False,yellow gold,False,gold/steel,False,white
550,24,rolex,False,Standard,Datejust 41,18295.0,False,yellow gold,False,gold/steel,False,champagne
552,26,rolex,False,Standard,Day-Date 36,12495.0,True,yellow gold,False,yellow gold,False,blue
554,28,rolex,False,No Date,Submariner,12499.0,False,ceramic,False,steel,False,black
555,29,rolex,False,Standard,Day-Date 40,54800.0,True,yellow gold,False,yellow gold,False,gold
556,30,rolex,False,Standard,Datejust 41,12150.0,False,white gold,False,steel,False,black
557,31,rolex,False,Standard,Datejust 36,7990.0,False,yellow gold,False,gold/steel,False,gold
560,34,rolex,False,Standard,Day-Date 40,49599.0,False,rose gold,False,rose gold,False,green
561,35,rolex,False,Standard,Datejust 41,20425.0,False,yellow gold,False,gold/steel,False,gold
562,36,rolex,False,Standard,GMT-Master II,13950.0,False,yellow gold,False,gold/steel,False,brown
563,37,rolex,False,Standard,Day-Date 36,79995.0,False,yellow gold,False,yellow gold,False,black
564,38,rolex,False,No Date,Submariner,8950.0,False,ceramic,False,steel,False,black
565,39,rolex,False,Standard,Datejust 41,14750.0,False,white gold,False,steel,False,grey
566,40,rolex,False,Standard,Datejust 41,15500.0,True,yellow gold,False,gold/steel,False,gold
567,41,rolex,False,Standard,Unknown/Other,34350.0,False,ceramic,False,steel,False,black
568,42,rolex,False,Standard,Datejust 36,5978.0,True,yellow gold,False,gold/steel,False,silver
569,43,rolex,False,Date,Submariner,18498.0,False,ceramic,False,steel,False,green
570,44,rolex,False,Standard,Yacht-Master 40,12995.0,False,platinum,False,steel,False,blue
571,45,rolex,False,Standard,Explorer II,8600.0,False,steel,False,steel,False,white
572,46,rolex,False,Standard,Sky-Dweller,43495.0,False,rose gold,False,rose gold,False,grey
573,47,rolex,False,Standard,Datejust 31,25995.0,False,white gold,False,steel,False,black
574,48,rolex,False,Date,Submariner,13290.0,True,ceramic,False,steel,False,black
576,50,rolex,False,Standard,Datejust 41,12667.0,True,steel,False,steel,False,blue
577,51,rolex,False,Standard,Lady-Datejust,6250.0,True,yellow gold,False,gold/steel,False,blue
578,52,rolex,False,Standard,Day-Date 36,16900.0,False,yellow gold,False,yellow gold,False,black
579,53,rolex,False,Standard,Datejust 36,8250.0,True,yellow gold,False,gold/steel,False,gold
580,54,rolex,False,Standard,Datejust 41,16300.0,True,yellow gold,False,gold/steel,False,black
581,55,rolex,False,Standard,Datejust 36,14495.0,False,white gold,False,steel,False,green
582,56,rolex,False,Standard,Lady-Datejust,4199.0,False,yellow gold,False,gold/steel,False,turquoise
583,57,rolex,False,Date,Submariner,13800.0,False,ceramic,False,steel,False,black
584,58,rolex,False,Standard,Sky-Dweller,38000.0,False,rose gold,False,rose gold,False,grey
585,59,rolex,False,Standard,Unknown/Other,29000.0,True,ceramic,False,steel,False,black
586,60,rolex,False,Standard,GMT-Master II,38975.0,True,ceramic,False,rose gold,False,black
587,61,rolex,False,Standard,Datejust 41,12350.0,False,steel,False,steel,False,green
588,62,rolex,False,Standard,Oyster Perpetual,7295.0,False,steel,False,steel,False,blue
589,63,rolex,False,Standard,Oyster Perpetual,8200.0,False,steel,False,steel,False,silver
590,64,rolex,False,Standard,Milgauss,14995.0,False,steel,False,steel,False,blue
591,65,rolex,False,Standard,Lady-Datejust,24995.0,False,white gold,False,steel,False,pink
592,66,rolex,False,Date,Submariner,13995.0,False,ceramic,False,steel,False,black
593,67,rolex,False,Standard,Datejust 41,18600.0,False,white gold,False,steel,False,green
594,68,rolex,False,Standard,Datejust 36,4000.0,True,steel,False,steel,False,silver
595,69,rolex,False,Standard,Lady-Datejust,3299.0,False,steel,False,steel,False,bronze
596,70,rolex,False,Standard,Yacht-Master 40,15250.0,True,platinum,False,steel,False,grey
597,72,rolex,False,Standard,1908,43850.0,False,platinum,False,platinum,False,blue
598,73,rolex,False,Standard,Day-Date 40,51495.0,False,yellow gold,False,yellow gold,False,gold
599,74,rolex,True,Standard,GMT-Master II,11432.0,False,steel,False,steel,False,black
600,75,rolex,False,Standard,GMT-Master II,29995.0,False,ceramic,False,steel,False,meteorite
601,76,rolex,False,Standard,Datejust 41,16900.0,False,white gold,False,steel,False,blue
602,77,rolex,False,Standard,GMT-Master II,22445.0,True,ceramic,False,steel,False,black
603,78,rolex,False,No Date,Submariner,14370.0,False,ceramic,False,steel,False,black
605,80,rolex,False,Standard,Milgauss,14195.0,False,steel,False,steel,False,blue
606,81,rolex,False,No Date,Submariner,8999.0,False,steel,False,steel,False,black
607,82,rolex,False,Standard,Unknown/Other,3216.0,False,steel,False,steel,False,black
608,83,rolex,False,Standard,Unknown/Other,37500.0,True,yellow gold,False,yellow gold,False,white
609,84,rolex,False,Standard,GMT-Master II,29995.0,True,ceramic,False,steel,False,meteorite
610,85,rolex,False,Standard,Datejust 41,16200.0,False,white gold,False,steel,False,blue
611,86,rolex,False,Standard,Sky-Dweller,20799.0,False,white gold,False,steel,False,blue
612,87,rolex,False,Standard,Day-Date 40,51500.0,True,white gold,False,steel,False,blue
613,88,rolex,False,Standard,Datejust 36,6200.0,True,white gold,False,steel,False,silver
614,89,rolex,False,Standard,Datejust 36,25995.0,False,white gold,False,steel,False,blue
616,91,rolex,False,Date,Submariner,10950.0,False,steel,False,steel,False,black
617,92,rolex,False,No Date,Submariner,8650.0,False,steel,False,steel,False,black
618,93,rolex,False,Standard,Datejust 36,5599.0,False,steel,False,steel,False,blue
619,94,rolex,False,Date,Submariner,8750.0,True,steel,False,steel,False,black
621,96,rolex,False,Standard,Unknown/Other,29500.0,False,ceramic,False,titanium,False,black
622,97,rolex,False,Standard,Datejust 41,15595.0,False,white gold,False,steel,False,grey
623,98,rolex,False,Standard,Datejust 41,13395.0,False,yellow gold,False,gold/steel,False,grey
625,100,rolex,False,Date,Submariner,9000.0,True,steel,False,steel,False,black
626,101,rolex,False,Standard,Unknown/Other,39800.0,False,ceramic,False,steel,False,white
627,102,rolex,False,Date,Oyster Perpetual,6950.0,False,yellow gold,False,yellow gold,False,blue
628,103,rolex,False,Standard,Lady-Datejust,5750.0,True,yellow gold,False,gold/steel,False,silver
629,104,rolex,False,Standard,Datejust 41,18899.0,False,rose gold,False,gold/steel,False,brown
630,105,rolex,False,Date,Submariner,8949.0,False,steel,False,steel,False,black
631,106,rolex,False,Date,Submariner,9250.0,False,yellow gold,False,gold/steel,False,black
632,107,rolex,False,Standard,Lady-Datejust,18995.0,False,yellow gold,False,steel,False,champagne
633,108,rolex,False,Standard,Datejust 36,6999.0,False,white gold,False,steel,False,grey
634,109,rolex,False,Standard,Datejust 41,17015.0,False,rose gold,False,steel,False,grey
635,110,rolex,False,Standard,Day-Date 36,12750.0,False,yellow gold,False,yellow gold,False,gold
636,111,rolex,False,Standard,Datejust 36,9400.0,True,white gold,False,gold/steel,False,blue
638,113,rolex,False,Standard,Lady-Datejust,20995.0,False,yellow gold,False,gold/steel,False,mother of pearl
639,114,rolex,False,Standard,Datejust 36,7200.0,False,white gold,False,steel,False,blue
640,115,rolex,False,Standard,Datejust 36,6200.0,False,yellow gold,False,gold/steel,False,blue
641,116,rolex,False,Standard,Datejust 41,11895.0,False,white gold,False,steel,False,black
642,117,rolex,False,Standard,Datejust 36,4999.0,True,yellow gold,False,gold/steel,False,white
643,118,rolex,False,Standard,GMT-Master II,26997.0,False,ceramic,False,steel,False,black
644,119,rolex,False,Standard,Datejust 31,33995.0,False,yellow gold,False,gold/steel,False,mother of pearl
647,123,rolex,False,No Date,Submariner,18000.0,False,steel,False,steel,False,black
648,124,rolex,False,No Date,Submariner,15090.0,False,steel,False,steel,False,black
654,132,rolex,False,No Date,Submariner,14995.0,True,steel,False,steel,False,black
655,133,rolex,False,Standard,Day-Date 36,26495.0,False,white gold,False,white gold,False,black
656,134,rolex,False,Date,Submariner,12799.0,False,ceramic,False,steel,False,black
657,135,rolex,False,Date,Submariner,17330.0,False,ceramic,False,steel,False,black
658,136,rolex,False,No Date,Submariner,9050.0,False,steel,False,steel,False,black
659,138,rolex,False,Standard,GMT-Master II,23400.0,True,ceramic,False,gold/steel,False,black
660,139,rolex,False,Date,Submariner,11495.0,False,aluminum,False,gold/steel,False,blue
661,140,rolex,False,Standard,Unknown/Other,38895.0,False,yellow gold,False,yellow gold,False,black
662,141,rolex,False,Standard,Day-Date 40,68000.0,True,yellow gold,False,yellow gold,False,green
663,142,rolex,False,Standard,Lady-Datejust,2999.0,False,steel,False,steel,False,white
664,143,rolex,False,Date,Submariner,14399.0,False,ceramic,False,steel,False,black
665,144,rolex,False,Date,Submariner,50000.0,False,ceramic,False,yellow gold,False,black
666,145,rolex,False,Standard,Oyster Perpetual,7695.0,False,steel,False,steel,False,silver
667,146,rolex,False,Standard,Day-Date 36,25000.0,True,yellow gold,False,yellow gold,False,gold
668,147,rolex,False,Standard,GMT-Master II,16450.0,True,white gold,False,steel,False,black
669,148,rolex,False,Standard,Lady-Datejust,4895.0,False,yellow gold,False,yellow gold,False,gold
670,149,rolex,False,Standard,Day-Date 36,48995.0,False,yellow gold,False,yellow gold,False,green
672,151,rolex,False,Standard,Datejust 36,14790.0,True,white gold,False,steel,False,grey
673,152,rolex,False,Standard,Oyster Perpetual,26999.0,False,steel,False,steel,False,turquoise
674,153,rolex,False,Standard,Sky-Dweller,77800.0,False,yellow gold,False,yellow gold,False,green
675,154,rolex,False,Wimbledon,Datejust 41,18000.0,False,white gold,False,steel,False,grey
676,155,rolex,False,Standard,Unknown/Other,28000.0,True,white gold,False,white gold,False,white
677,156,rolex,False,Standard,Lady-Datejust,18995.0,False,yellow gold,False,gold/steel,False,champagne
678,157,rolex,False,Standard,Day-Date 40,111900.0,False,gem-set,False,yellow gold,False,gold
679,158,rolex,False,Standard,GMT-Master II,14995.0,False,ceramic,False,steel,False,black
680,159,rolex,False,Standard,Datejust 36,17299.0,False,yellow gold,False,gold/steel,False,grey
681,160,rolex,False,Standard,Unknown/Other,92215.0,False,yellow gold,False,yellow gold,False,green
682,161,rolex,False,Standard,Oyster Perpetual,11425.0,False,steel,False,steel,False,blue
683,162,rolex,False,Standard,Lady-Datejust,20995.0,False,yellow gold,False,gold/steel,False,mother of pearl
684,163,rolex,False,Standard,Yacht-Master 40,11295.0,False,yellow gold,False,gold/steel,False,grey
685,164,rolex,False,Standard,Unknown/Other,41000.0,True,ceramic,False,yellow gold,False,black
686,165,rolex,False,Standard,GMT-Master II,19895.0,False,ceramic,False,steel,False,black
687,166,rolex,False,Date,Submariner,11800.0,False,yellow gold,False,gold/steel,False,blue
688,167,rolex,False,Standard,Unknown/Other,16995.0,False,yellow gold,False,gold/steel,False,white
689,168,rolex,False,Standard,Datejust 36,17425.0,False,white gold,False,steel,False,silver
690,169,rolex,False,Standard,Oyster Perpetual,8000.0,False,steel,False,steel,False,red
691,170,rolex,False,Standard,Unknown/Other,57425.0,False,ceramic,False,rose gold,False,brown
692,171,rolex,False,Date,Submariner,39899.0,False,ceramic,False,yellow gold,False,blue
693,172,rolex,False,Standard,GMT-Master II,22800.0,True,ceramic,False,gold/steel,False,black
694,173,rolex,False,Standard,Yacht-Master 40,11749.0,False,platinum,False,steel,False,blue
695,174,rolex,False,Standard,Datejust 36,15925.0,False,white gold,False,steel,False,blue
697,176,rolex,False,Standard,Datejust 36,4995.0,False,steel,False,steel,False,silver
698,177,rolex,False,Standard,Datejust 36,7550.0,False,yellow gold,False,gold/steel,False,white
699,178,rolex,False,Date,Submariner,13899.0,False,ceramic,False,steel,False,black
700,179,rolex,False,Standard,Datejust 41,19425.0,False,white gold,False,steel,False,blue
701,180,rolex,False,Standard,Datejust 41,12250.0,True,steel,False,steel,False,grey
702,181,rolex,False,Standard,Unknown/Other,6355.0,True,steel,False,steel,False,blue
703,182,rolex,False,Standard,Explorer II,9428.0,False,steel,False,steel,False,white
704,183,rolex,False,Standard,Unknown/Other,104999.0,True,ceramic,False,white gold,False,meteorite
705,184,rolex,False,Date,Submariner,15325.0,False,ceramic,False,steel,False,black
707,186,rolex,False,Standard,Datejust 41,19425.0,False,yellow gold,False,steel,False,white
708,187,rolex,False,Standard,Day-Date 40,62500.0,False,rose gold,False,rose gold,False,green
709,188,rolex,False,Standard,Datejust 31,11900.0,False,white gold,False,gold/steel,False,pink
710,189,rolex,False,Date,Submariner,26300.0,False,yellow gold,False,yellow gold,False,blue
712,191,rolex,False,Standard,Oyster Perpetual,7295.0,False,steel,False,steel,False,black
713,192,rolex,False,Standard,Lady-Datejust,17495.0,False,yellow gold,False,gold/steel,False,white
714,193,rolex,True,Standard,GMT-Master II,12472.0,False,steel,False,steel,False,black
715,194,rolex,False,Standard,Sky-Dweller,24299.0,False,white gold,False,white gold,False,blue
716,196,rolex,False,Standard,Unknown/Other,28306.0,False,yellow gold,False,yellow gold,False,white
717,197,rolex,False,Standard,GMT-Master II,29995.0,True,ceramic,False,steel,False,meteorite
718,199,rolex,False,Standard,Yacht-Master 40,16825.0,False,platinum,False,platinum,False,grey
719,201,rolex,False,Standard,Day-Date 40,47999.0,False,yellow gold,False,yellow gold,False,gold
720,202,rolex,False,Standard,Day-Date 40,62000.0,True,yellow gold,False,yellow gold,False,black
721,203,rolex,False,Standard,Unknown/Other,2760.0,False,steel,False,steel,False,black
722,204,rolex,False,Standard,GMT-Master II,29995.0,True,ceramic,False,steel,False,meteorite
723,206,rolex,False,Standard,Datejust 36,8150.0,False,steel,False,steel,False,black
724,207,rolex,False,Standard,Datejust 36,10400.0,False,steel,False,steel,False,grey
725,208,rolex,False,Standard,Oyster Perpetual,11000.0,False,steel,False,steel,False,green
726,209,rolex,False,Standard,Unknown/Other,7556.0,True,gem-set,False,steel,False,blue
727,210,rolex,False,Standard,Air King,5749.0,False,steel,False,steel,False,silver
728,212,rolex,False,Standard,Day-Date 36,19680.0,False,yellow gold,False,yellow gold,False,black
729,213,rolex,False,Standard,GMT-Master II,20990.0,True,ceramic,False,steel,False,black
730,214,rolex,False,Standard,Explorer,8499.0,False,steel,False,steel,False,black
731,215,rolex,False,Standard,GMT-Master II,12230.0,False,steel,False,steel,False,black
732,216,rolex,False,Standard,GMT-Master II,22700.0,False,ceramic,False,steel,False,black
734,218,rolex,False,Standard,Unknown/Other,9655.0,True,yellow gold,False,yellow gold,False,white
735,219,rolex,False,Standard,Oyster Perpetual,8695.0,False,steel,False,steel,False,purple
736,220,rolex,False,Standard,Unknown/Other,46750.0,True,yellow gold,False,yellow gold,False,white
737,221,rolex,False,Standard,Unknown/Other,7250.0,False,steel,False,steel,False,black
739,223,rolex,False,Standard,1908,29995.0,True,white gold,False,white gold,False,white
740,224,rolex,False,Standard,Unknown/Other,32000.0,True,white gold,False,white gold,False,black
741,225,rolex,False,Standard,Unknown/Other,47800.0,True,ceramic,False,white gold,False,grey
742,226,rolex,False,Date,Submariner,13499.0,False,ceramic,False,gold/steel,False,black
743,227,rolex,False,Standard,Unknown/Other,9255.0,True,yellow gold,False,yellow gold,False,mother of pearl
744,228,rolex,False,Standard,GMT-Master II,11295.0,False,steel,False,steel,False,black
745,229,rolex,False,Standard,Unknown/Other,149000.0,False,gem-set,False,yellow gold,False,mother of pearl
746,230,rolex,False,Standard,Unknown/Other,16500.0,False,steel,False,steel,False,black
747,231,rolex,False,Standard,Unknown/Other,21250.0,False,yellow gold,False,gold/steel,False,black
748,232,rolex,False,Standard,Unknown/Other,42999.0,False,ceramic,False,yellow gold,False,black
749,233,rolex,False,Standard,Datejust 31,16500.0,True,yellow gold,False,gold/steel,False,green
751,235,rolex,False,Standard,Lady-Datejust,12595.0,False,white gold,False,steel,False,silver
752,236,rolex,False,Standard,Lady-Datejust,11556.0,True,gem-set,False,yellow gold,False,white
753,237,rolex,False,No Date,Submariner,9195.0,False,steel,False,steel,False,black
754,238,rolex,False,Standard,Unknown/Other,66900.0,False,rose gold,False,rose gold,False,white
755,239,rolex,False,Standard,Day-Date 40,64997.0,False,yellow gold,False,yellow gold,False,green
756,240,rolex,False,Standard,Day-Date 36,31495.0,False,yellow gold,False,yellow gold,False,champagne
757,241,rolex,False,Standard,Lady-Datejust,15495.0,False,rose gold,False,gold/steel,False,brown
758,242,rolex,False,Standard,Lady-Datejust,9950.0,False,white gold,False,steel,False,pink
760,244,rolex,False,Date,Submariner,21600.0,True,ceramic,False,steel,False,green
761,245,rolex,False,Standard,Yacht-Master 37,15900.0,False,platinum,False,steel,False,grey
762,246,rolex,False,Standard,Datejust 36,8249.0,False,white gold,False,steel,False,black
763,247,rolex,False,Standard,Datejust 31,17995.0,False,white gold,False,steel,False,blue
764,248,rolex,False,Standard,Day-Date 36,38990.0,True,rose gold,False,rose gold,False,meteorite
765,249,rolex,False,Standard,Unknown/Other,16495.0,False,yellow gold,False,gold/steel,False,black
766,250,rolex,False,Standard,Oyster Perpetual,10499.0,False,steel,False,steel,False,brown
767,251,rolex,False,Standard,Datejust 36,9895.0,False,steel,False,steel,False,blue
768,252,rolex,False,Standard,Sky-Dweller,21000.0,True,white gold,False,steel,False,blue
769,254,rolex,False,Standard,Day-Date 36,15850.0,False,yellow gold,False,yellow gold,False,champagne
770,255,rolex,False,Standard,Air King,7979.0,False,steel,False,steel,False,black
771,256,rolex,False,Standard,Sea-Dweller Deepsea,42995.0,False,titanium,False,titanium,False,black
773,258,rolex,False,Standard,GMT-Master II,13495.0,False,ceramic,False,gold/steel,False,black
774,259,rolex,False,Standard,Datejust 36,14600.0,False,white gold,False,steel,False,blue
775,260,rolex,False,Standard,Datejust 41,17500.0,False,white gold,False,steel,False,grey
776,261,rolex,False,Standard,Day-Date 36,20199.0,False,yellow gold,False,yellow gold,False,champagne
777,262,rolex,False,Standard,Unknown/Other,31999.0,False,ceramic,False,steel,False,white
778,263,rolex,False,Standard,Lady-Datejust,17650.0,False,rose gold,False,gold/steel,False,pink
779,264,rolex,False,Standard,Datejust 36,11495.0,False,rose gold,False,gold/steel,False,black
780,265,rolex,False,Standard,Lady-Datejust,16995.0,False,yellow gold,False,gold/steel,False,champagne
781,266,rolex,False,Standard,Datejust 36,13970.0,False,white gold,False,steel,False,blue
782,267,rolex,False,Standard,Yacht-Master 40,13875.0,True,yellow gold,False,gold/steel,False,grey
783,269,rolex,False,Standard,Datejust 36,17000.0,False,yellow gold,False,gold/steel,False,grey
784,270,rolex,False,Standard,Oyster Perpetual,10595.0,True,steel,False,steel,False,blue
785,271,rolex,False,Standard,Unknown/Other,49999.0,False,ceramic,False,yellow gold,False,black
786,272,rolex,False,Standard,Datejust 36,14400.0,True,white gold,False,white gold,False,white
787,273,rolex,False,Date,Submariner,40495.0,False,ceramic,False,yellow gold,False,blue
788,274,rolex,False,Standard,Datejust 36,15995.0,True,white gold,False,steel,False,blue
789,275,rolex,False,Date,Submariner,10300.0,False,yellow gold,False,gold/steel,False,blue
790,276,rolex,False,Standard,Unknown/Other,19000.0,False,yellow gold,False,gold/steel,False,white
791,277,rolex,False,Standard,Datejust 36,4500.0,True,steel,False,steel,False,silver
792,278,rolex,False,Standard,Datejust 36,19300.0,False,yellow gold,False,gold/steel,False,grey
793,279,rolex,False,Standard,GMT-Master II,12950.0,False,ceramic,False,steel,False,black
794,280,rolex,False,Standard,Datejust 36,10895.0,False,steel,False,steel,False,grey
795,281,rolex,False,Standard,Datejust 36,10500.0,False,yellow gold,False,gold/steel,False,champagne
796,282,rolex,False,Standard,Datejust 31,19100.0,False,white gold,False,steel,False,grey
797,283,rolex,False,Standard,Unknown/Other,19500.0,False,ceramic,False,steel,False,black
798,284,rolex,False,Standard,Datejust 41,23000.0,False,yellow gold,False,gold/steel,False,gold
799,285,rolex,False,Standard,Datejust Oysterquartz,5758.0,False,steel,False,steel,False,silver
800,286,rolex,False,Standard,GMT-Master II,13995.0,False,steel,False,steel,False,black
801,287,rolex,False,Standard,Unknown/Other,31699.0,False,ceramic,False,steel,False,white
803,289,rolex,False,Standard,Unknown/Other,36495.0,False,ceramic,False,steel,False,white
804,290,rolex,False,Standard,Datejust 41,16425.0,True,white gold,False,steel,False,white
805,291,rolex,False,Standard,Datejust 31,15800.0,False,white gold,False,steel,False,bronze
806,292,rolex,False,Standard,Oyster Perpetual,9200.0,False,steel,False,steel,False,green
807,293,rolex,False,Date,Submariner,9195.0,False,steel,False,steel,False,black
808,294,rolex,False,Date,Submariner,13499.0,False,steel,False,steel,False,black
809,295,rolex,False,Standard,Datejust 41,16995.0,False,white gold,False,steel,False,blue
810,297,rolex,False,Standard,Unknown/Other,27500.0,True,yellow gold,False,gold/steel,False,black
811,298,rolex,False,Standard,Datejust 36,13995.0,False,white gold,False,steel,False,black
812,299,rolex,False,Standard,Datejust 41,14850.0,False,white gold,False,steel,False,grey
813,300,rolex,False,Standard,Unknown/Other,31500.0,False,white gold,False,steel,False,white
814,301,rolex,False,Standard,Day-Date 40,54995.0,False,rose gold,False,rose gold,False,green
815,302,rolex,False,Standard,Datejust 41,17995.0,False,white gold,False,steel,False,white
816,303,rolex,False,Standard,Oyster Perpetual,4747.0,True,gold,True,gold,True,silver
817,304,rolex,False,Standard,Sky-Dweller,35765.0,False,yellow gold,False,yellow gold,False,black
818,305,rolex,False,Standard,Unknown/Other,20999.0,False,yellow gold,False,gold/steel,False,black
819,306,rolex,False,Standard,GMT-Master II,23700.0,True,ceramic,False,steel,False,black
820,307,rolex,False,Standard,Unknown/Other,49750.0,False,ceramic,False,rose gold,False,brown
821,308,rolex,False,Standard,Datejust 41,16425.0,True,white gold,False,steel,False,grey
822,309,rolex,False,Standard,Explorer,9295.0,False,steel,False,steel,False,black
823,310,rolex,False,Standard,Day-Date 36,29995.0,False,yellow gold,False,yellow gold,False,black
824,311,rolex,False,Date,Submariner,11994.0,False,ceramic,False,steel,False,black
825,312,rolex,False,Standard,Unknown/Other,32699.0,False,ceramic,False,steel,False,white
826,313,rolex,False,Standard,Datejust 41,14960.0,False,white gold,False,steel,False,green
827,314,rolex,False,Standard,Oyster Perpetual,11425.0,False,steel,False,steel,False,silver
828,315,rolex,False,Standard,Unknown/Other,26750.0,True,white gold,False,white gold,False,white
829,316,rolex,False,Standard,Sea-Dweller,14350.0,True,ceramic,False,steel,False,black
830,317,rolex,False,Standard,GMT-Master II,19990.0,False,ceramic,False,steel,False,black
832,319,rolex,False,Standard,Unknown/Other,97495.0,False,ceramic,False,white gold,False,grey
833,320,rolex,False,Standard,Datejust 36,12150.0,False,white gold,False,steel,False,white
834,321,rolex,False,Standard,GMT-Master II,14439.0,False,steel,False,steel,False,black
835,322,rolex,False,Standard,Unknown/Other,4509.0,True,steel,False,steel,False,blue
836,323,rolex,False,Date,Submariner,14899.0,False,ceramic,False,gold/steel,False,blue
837,324,rolex,False,Standard,Datejust 41,16550.0,False,white gold,False,steel,False,grey
838,325,rolex,False,Standard,Explorer II,13800.0,True,steel,False,steel,False,white
839,326,rolex,False,Standard,Lady-Datejust,18995.0,False,yellow gold,False,gold/steel,False,silver
840,327,rolex,False,Standard,Unknown/Other,55500.0,False,white gold,False,white gold,False,silver
841,328,rolex,False,Standard,Unknown/Other,97840.0,False,ceramic,False,yellow gold,False,turquoise
842,329,rolex,False,Standard,Unknown/Other,21849.0,False,steel,False,steel,False,black
843,330,rolex,False,Standard,Datejust 41,15995.0,False,white gold,False,steel,False,green
844,331,rolex,False,Date,Oyster Perpetual,4628.0,True,steel,False,steel,False,grey
845,332,rolex,False,Standard,Datejust 36,13107.0,True,white gold,False,steel,False,blue
846,333,rolex,False,Standard,Datejust 41,16599.0,False,white gold,False,steel,False,green
847,334,rolex,False,Standard,Unknown/Other,77800.0,True,yellow gold,False,yellow gold,False,green
848,335,rolex,False,Standard,Explorer,8550.0,False,steel,False,steel,False,black
849,336,rolex,False,Standard,Oyster Perpetual,8395.0,False,steel,False,steel,False,purple
850,337,rolex,False,Standard,GMT-Master II,11295.0,False,steel,False,steel,False,black
851,338,rolex,False,Standard,Day-Date 40,49000.0,True,white gold,False,white gold,False,green
852,339,rolex,False,Standard,Day-Date 36,29995.0,False,yellow gold,False,yellow gold,False,champagne
853,340,rolex,False,Standard,Sea-Dweller Deepsea,43950.0,False,ceramic,False,titanium,False,black
854,341,rolex,False,Standard,Air King,7590.0,True,steel,False,steel,False,black
855,342,rolex,False,Standard,Datejust 36,10050.0,True,white gold,False,steel,False,black
856,343,rolex,False,Standard,Day-Date 36,16145.0,False,yellow gold,False,yellow gold,False,gold
857,344,rolex,False,Standard,Lady-Datejust,24495.0,False,white gold,False,steel,False,pink
858,345,rolex,False,Standard,Air King,7399.0,False,steel,False,steel,False,black
859,346,rolex,False,Standard,Sea-Dweller Deepsea,40800.0,False,ceramic,False,titanium,False,black
860,347,rolex,False,Standard,GMT-Master II,18300.0,False,ceramic,False,gold/steel,False,black
861,348,rolex,False,Standard,Oyster Perpetual,13500.0,False,steel,False,steel,False,pink
862,349,rolex,False,Standard,Datejust 36,9549.0,False,steel,False,steel,False,blue
863,350,rolex,False,Standard,GMT-Master II,14000.0,False,ceramic,False,gold/steel,False,black
864,351,rolex,False,Standard,Lady-Datejust,9675.0,True,steel,False,steel,False,pink
865,352,rolex,False,Standard,Air King,7899.0,False,steel,False,steel,False,black
866,353,rolex,False,Standard,Datejust 36,12599.0,False,white gold,False,steel,False,black
867,355,rolex,False,Standard,Datejust 41,16950.0,True,rose gold,False,gold/steel,False,grey
868,356,rolex,False,Standard,GMT-Master II,14800.0,False,ceramic,False,steel,False,black
869,358,rolex,False,Standard,Yacht-Master 40,27495.0,False,ceramic,False,rose gold,False,black
870,359,rolex,False,Standard,Oyster Perpetual,9268.0,False,steel,False,yellow gold,False,silver
871,360,rolex,False,Standard,GMT-Master II,16750.0,True,ceramic,False,steel,False,black
872,361,rolex,False,Standard,Unknown/Other,71980.0,False,yellow gold,False,yellow gold,False,green
873,362,rolex,False,Standard,Yacht-Master 40,15995.0,False,platinum,False,steel,False,blue
874,363,rolex,False,Standard,Sky-Dweller,22995.0,True,white gold,False,steel,False,white
875,364,rolex,False,Standard,Unknown/Other,94499.0,False,ceramic,False,white gold,False,meteorite
876,365,rolex,False,Standard,Unknown/Other,26500.0,False,yellow gold,False,gold/steel,False,champagne
878,367,rolex,False,Standard,GMT-Master II,17995.0,False,ceramic,False,steel,False,black
879,368,rolex,False,Standard,Sky-Dweller,17495.0,False,white gold,False,steel,False,white
880,369,rolex,False,Standard,Datejust 41,12725.0,False,steel,False,steel,False,grey
882,371,rolex,False,Standard,Day-Date 40,49995.0,False,rose gold,False,rose gold,False,brown
883,372,rolex,False,Standard,Datejust 36,6880.0,False,steel,False,steel,False,grey
884,373,rolex,False,Standard,Datejust 36,5816.0,True,white gold,False,steel,False,silver
885,374,rolex,False,Standard,Explorer,6899.0,True,steel,False,steel,False,black
886,375,rolex,False,Standard,Unknown/Other,48425.0,False,yellow gold,False,yellow gold,False,black
887,376,rolex,False,Standard,Unknown/Other,31500.0,False,ceramic,False,steel,False,white
888,377,rolex,False,Standard,GMT-Master II,23495.0,False,steel,False,steel,False,black
889,378,rolex,False,Standard,Cellini,5097.0,True,yellow gold,False,yellow gold,False,white
890,379,rolex,False,Standard,GMT-Master II,23400.0,True,ceramic,False,gold/steel,False,black
891,380,rolex,False,Date,Submariner,14300.0,False,steel,False,steel,False,black
892,381,rolex,False,Standard,Oyster Perpetual,5498.0,True,yellow gold,False,yellow gold,False,white
893,382,rolex,False,Standard,Unknown/Other,5227.0,False,steel,False,steel,False,silver
894,383,rolex,False,Standard,Sky-Dweller,27795.0,False,yellow gold,False,yellow gold,False,champagne
895,384,rolex,False,Date,Submariner,19400.0,True,ceramic,False,gold/steel,False,black
896,385,rolex,False,Standard,Explorer,7895.0,False,steel,False,steel,False,black
897,386,rolex,False,Standard,GMT-Master II,18250.0,True,ceramic,False,steel,False,black
898,387,rolex,False,Standard,Datejust 41,15925.0,True,white gold,False,gold/steel,False,grey
899,388,rolex,False,Standard,Datejust 36,13452.0,False,yellow gold,False,steel,False,yellow
900,389,rolex,False,Standard,Datejust 31,10158.0,False,steel,False,steel,False,pink
901,390,rolex,False,Standard,Datejust 31,13452.0,False,white gold,False,steel,False,black
903,392,rolex,False,Standard,Explorer II,10158.0,False,steel,False,steel,False,black
904,393,rolex,False,Standard,Datejust Turn-O-Graph,12463.0,True,white gold,False,steel,False,blue
905,394,rolex,False,Standard,Lady-Datejust,10913.0,False,yellow gold,False,gold/steel,False,blue
906,395,rolex,False,Standard,Datejust 31,15237.0,False,rose gold,False,steel,False,brown
907,396,rolex,False,Standard,Yacht-Master 40,14070.0,False,platinum,False,steel,False,blue
908,397,rolex,False,Standard,Explorer,7070.0,True,steel,False,steel,False,black
909,398,rolex,False,Standard,Datejust 36,7484.0,False,yellow gold,False,gold/steel,False,champagne
910,400,rolex,False,Date,Submariner,30893.0,False,steel,False,steel,False,black
911,401,rolex,False,Date,Submariner,14999.0,True,ceramic,False,steel,False,black
912,402,rolex,False,Standard,Day-Date 36,49250.0,False,yellow gold,False,yellow gold,False,green
913,403,rolex,False,Date,Oyster Perpetual,7155.0,False,steel,False,steel,False,black
915,405,rolex,False,Standard,Unknown/Other,36000.0,False,ceramic,False,rose gold,False,brown
916,406,rolex,False,Standard,Oyster Perpetual,8899.0,False,steel,False,steel,False,yellow
917,407,rolex,False,Standard,Datejust 36,12968.0,False,white gold,False,steel,False,blue
918,408,rolex,False,Standard,Day-Date 36,29703.0,False,yellow gold,False,yellow gold,False,green
919,409,rolex,False,Standard,Oyster Perpetual,9446.0,False,steel,False,steel,False,pink
920,410,rolex,False,Standard,Unknown/Other,20198.0,False,yellow gold,False,gold/steel,False,black
921,411,rolex,False,Standard,Unknown/Other,38390.0,True,ceramic,False,steel,False,white
922,412,rolex,False,Standard,Day-Date 40,47450.0,True,white gold,False,white gold,False,green
923,413,rolex,False,Standard,Explorer,8495.0,False,steel,False,steel,False,black
924,414,rolex,False,Standard,Unknown/Other,101000.0,False,ceramic,False,yellow gold,False,meteorite
925,415,rolex,False,Standard,Unknown/Other,77999.0,False,yellow gold,False,yellow gold,False,green
926,416,rolex,False,Standard,Datejust 41,18899.0,False,white gold,False,steel,False,green
927,417,rolex,False,Pepsi,GMT-Master II,14500.0,False,steel,False,steel,False,black
928,418,rolex,False,Standard,Unknown/Other,88425.0,False,yellow gold,False,yellow gold,False,green
929,419,rolex,False,Standard,Explorer,8997.0,True,steel,False,steel,False,black
930,420,rolex,False,Standard,GMT-Master II,14199.0,False,ceramic,False,steel,False,black
931,421,rolex,False,Standard,Datejust 41,22950.0,True,white gold,False,steel,False,green
932,422,rolex,False,Standard,Unknown/Other,102000.0,False,ceramic,False,yellow gold,False,turquoise
933,423,rolex,False,Standard,Day-Date 40,47550.0,False,white gold,False,white gold,False,green
934,424,rolex,False,Standard,Unknown/Other,46713.0,False,ceramic,False,white gold,False,grey
935,425,rolex,False,Standard,Datejust 41,12476.0,False,steel,False,steel,False,grey
936,426,rolex,False,Standard,Datejust 41,20934.0,False,rose gold,False,gold/steel,False,brown
937,427,rolex,False,Standard,Unknown/Other,33357.0,False,ceramic,False,steel,False,white
938,428,rolex,False,Standard,Unknown/Other,29007.0,False,yellow gold,False,gold/steel,False,black
939,429,rolex,False,Standard,Datejust 41,23995.0,False,rose gold,False,gold/steel,False,brown
941,431,rolex,False,Standard,Milgauss,14406.0,False,steel,False,steel,False,blue
942,432,rolex,False,Standard,Datejust 41,14850.0,False,white gold,False,steel,False,blue
943,433,rolex,False,Standard,Unknown/Other,29466.0,False,white gold,False,steel,False,white
945,435,rolex,False,Date,Submariner,19000.0,False,ceramic,False,gold/steel,False,black
946,436,rolex,False,Date,Submariner,15197.0,False,ceramic,False,steel,False,black
950,440,rolex,False,Standard,GMT-Master II,18524.0,False,ceramic,False,steel,False,black
951,441,rolex,False,Standard,Datejust 41,13374.0,False,steel,False,steel,False,grey
952,442,rolex,False,Standard,Unknown/Other,46921.0,False,ceramic,False,white gold,False,grey
953,443,rolex,False,Standard,Sky-Dweller,28386.0,False,white gold,False,steel,False,green
954,444,rolex,False,Standard,Unknown/Other,18631.0,False,yellow gold,False,gold/steel,False,white
957,447,rolex,False,Standard,Oyster Perpetual,9995.0,False,steel,False,steel,False,blue
959,449,rolex,False,Standard,Unknown/Other,61061.0,True,ceramic,False,yellow gold,False,champagne
961,451,rolex,False,Standard,Unknown/Other,109431.0,False,ceramic,False,yellow gold,False,blue
963,453,rolex,False,Standard,Oyster Perpetual,11825.0,False,steel,False,steel,False,blue
965,455,rolex,False,No Date,Submariner,13384.0,False,ceramic,False,steel,False,black
968,458,rolex,False,Standard,Datejust 36,8854.0,False,yellow gold,False,gold/steel,False,gold
969,459,rolex,False,Standard,Sky-Dweller,45500.0,False,yellow gold,False,yellow gold,False,white
970,460,rolex,False,No Date,Submariner,13070.0,False,ceramic,False,steel,False,black
971,461,rolex,False,Standard,GMT-Master II,22575.0,False,ceramic,False,steel,False,black
972,462,rolex,False,Standard,Unknown/Other,49546.0,False,ceramic,False,rose gold,False,black
973,463,rolex,False,Standard,Unknown/Other,23645.0,False,yellow gold,False,gold/steel,False,black
974,464,rolex,False,Standard,GMT-Master II,18900.0,True,ceramic,False,steel,False,brown
975,465,rolex,False,Standard,Sky-Dweller,24995.0,False,yellow gold,False,gold/steel,False,white
976,470,rolex,False,Standard,Day-Date 40,91425.0,False,platinum,False,platinum,False,blue
977,471,rolex,False,Standard,Datejust 41,16874.0,False,gold/steel,False,gold/steel,False,green
979,479,rolex,False,Standard,Yacht-Master 40,8995.0,False,platinum,False,steel,False,silver
980,482,rolex,False,Standard,Datejust 41,11850.0,False,white gold,False,steel,False,blue
981,483,rolex,False,Date,Submariner,16400.0,True,ceramic,False,steel,False,black
982,501,rolex,False,Standard,Oyster Perpetual,19925.0,True,steel,False,steel,False,yellow
983,507,rolex,False,Standard,GMT-Master II,17795.0,True,ceramic,False,steel,False,black
984,510,rolex,False,Standard,Explorer II,13995.0,False,steel,False,steel,False,white
985,512,rolex,False,Standard,Unknown/Other,117199.0,False,ceramic,False,platinum,False,blue
986,513,rolex,False,Standard,Datejust 36,24800.0,False,yellow gold,False,gold/steel,False,mother of pearl
987,517,rolex,False,Standard,Day-Date 40,57800.0,True,rose gold,False,rose gold,False,green
988,519,rolex,False,Standard,Lady-Datejust,20995.0,False,rose gold,False,gold/steel,False,purple
989,520,rolex,False,Standard,GMT-Master II,21400.0,True,ceramic,False,steel,False,black
990,523,rolex,False,Standard,Explorer II,11199.0,False,steel,False,steel,False,white
991,524,rolex,False,No Date,Submariner,11995.0,False,ceramic,False,steel,False,black
993,526,rolex,False,Date,Submariner,39999.0,False,ceramic,False,yellow gold,False,black
994,527,rolex,False,Standard,Day-Date 40,65800.0,True,yellow gold,False,yellow gold,False,green
995,528,rolex,False,Standard,Explorer,6495.0,False,steel,False,steel,False,black
996,530,rolex,False,Standard,Unknown/Other,20599.0,False,yellow gold,False,gold/steel,False,black
997,531,rolex,False,Standard,Datejust 31,21995.0,False,rose gold,False,gold/steel,False,silver
998,532,rolex,False,Standard,Datejust 36,11950.0,False,yellow gold,False,gold/steel,False,silver
999,533,rolex,False,Standard,Datejust 36,13995.0,False,white gold,False,steel,False,purple
1000,534,rolex,True,Standard,Unknown/Other,16633.0,False,yellow gold,False,gold/steel,False,white
1001,535,rolex,False,Standard,GMT-Master II,20999.0,False,ceramic,False,steel,False,black
1002,536,rolex,False,Standard,Day-Date 36,20399.0,False,yellow gold,False,yellow gold,False,gold
1003,537,rolex,False,Standard,Datejust 41,19499.0,True,rose gold,False,steel,False,brown
1004,538,rolex,False,Standard,Sea-Dweller Deepsea,16550.0,False,ceramic,False,steel,False,blue
1005,539,rolex,False,Standard,Datejust 41,15495.0,True,white gold,False,steel,False,grey
1006,540,rolex,False,Standard,Unknown/Other,59890.0,False,white gold,False,white gold,False,blue
1007,541,rolex,False,Standard,Sea-Dweller Deepsea,14650.0,False,ceramic,False,steel,False,blue
1008,542,rolex,False,No Date,Submariner,9199.0,False,steel,False,steel,False,black
1009,543,rolex,False,Standard,Oyster Perpetual,11425.0,False,steel,False,steel,False,black
1010,544,rolex,False,Standard,Sky-Dweller,76500.0,False,yellow gold,False,yellow gold,False,green
1011,545,rolex,False,Date,Submariner,15200.0,True,ceramic,False,steel,False,black
1012,546,rolex,False,Standard,Datejust 36,4850.0,True,white gold,False,steel,False,silver
1013,547,rolex,False,Standard,Day-Date 36,51899.0,False,rose gold,False,rose gold,False,green
1014,548,rolex,False,Standard,Yacht-Master 37,24397.0,False,ceramic,False,rose gold,False,black
1015,549,rolex,False,Standard,Datejust 41,12425.0,True,steel,False,steel,False,black
1016,550,rolex,False,Standard,Unknown/Other,30999.0,False,white gold,False,steel,False,white
1017,551,rolex,False,Standard,Sky-Dweller,20500.0,False,white gold,False,steel,False,black
1018,552,rolex,False,Standard,Sky-Dweller,17265.0,False,white gold,False,steel,False,blue
1019,553,rolex,False,Standard,Datejust 41,10800.0,False,steel,False,steel,False,blue
1020,554,rolex,False,Standard,Datejust 36,6700.0,False,steel,False,steel,False,silver
1021,555,rolex,False,Standard,Datejust 36,14995.0,False,white gold,False,steel,False,green
1022,556,rolex,False,Standard,GMT-Master II,13850.0,True,steel,False,steel,False,black
1023,557,rolex,False,Standard,Explorer,8495.0,False,steel,False,steel,False,black
1024,561,rolex,False,Standard,Explorer,8449.0,False,steel,False,steel,False,black
1025,563,rolex,False,Standard,Oyster Perpetual,9030.0,True,steel,False,steel,False,white
1026,564,rolex,False,Standard,Oyster Perpetual,8662.0,False,steel,False,steel,False,yellow
1027,565,rolex,False,Standard,Unknown/Other,94500.0,False,ceramic,False,yellow gold,False,meteorite
1028,566,rolex,False,Standard,Datejust 41,19000.0,True,white gold,False,steel,False,green
1029,567,rolex,False,Standard,Unknown/Other,100300.0,False,ceramic,False,yellow gold,False,blue
1030,568,rolex,False,Standard,Day-Date 40,61500.0,True,white gold,False,white gold,False,green
1031,574,rolex,False,Date,Submariner,53000.0,True,ceramic,False,yellow gold,False,blue
1033,586,rolex,False,Standard,Datejust 36,12000.0,True,yellow gold,False,gold/steel,False,champagne
1034,592,rolex,False,Standard,Datejust 31,20925.0,False,yellow gold,False,gold/steel,False,grey
1035,599,rolex,False,Standard,Datejust 41,11850.0,False,steel,False,steel,False,green
1036,600,rolex,False,Standard,Explorer,10795.0,False,steel,False,steel,False,black
1037,601,rolex,False,Standard,Day-Date 36,21387.0,True,yellow gold,False,yellow gold,False,gold
1038,602,rolex,False,Standard,GMT-Master II,25995.0,True,ceramic,False,steel,False,black
1039,603,rolex,False,No Date,Submariner,10999.0,False,steel,False,steel,False,black
1040,605,rolex,False,Standard,Datejust 41,17495.0,False,white gold,False,steel,False,blue
1041,607,rolex,False,Standard,Lady-Datejust,11180.0,False,yellow gold,False,yellow gold,False,champagne
1042,608,rolex,False,Standard,Datejust 41,13899.0,False,steel,False,steel,False,grey
1044,611,rolex,False,Date,Submariner,15500.0,False,ceramic,False,steel,False,black
1045,612,rolex,False,Standard,Day-Date 40,55550.0,True,rose gold,False,rose gold,False,green
1046,613,rolex,False,Standard,Unknown/Other,28850.0,False,ceramic,False,steel,False,black
1047,614,rolex,False,Standard,Datejust 41,13590.0,True,steel,False,steel,False,green
1048,615,rolex,False,Standard,Sky-Dweller,64500.0,True,rose gold,False,rose gold,False,blue
1049,616,rolex,False,Standard,GMT-Master II,18425.0,False,ceramic,False,steel,False,black
1050,617,rolex,False,Standard,Day-Date 40,65995.0,False,yellow gold,False,yellow gold,False,green
1051,618,rolex,False,Date,Oyster Perpetual,5900.0,False,steel,False,steel,False,silver
1052,619,rolex,False,Standard,Day-Date 36,19699.0,True,yellow gold,False,yellow gold,False,gold
1053,620,rolex,False,Standard,GMT-Master II,12800.0,False,ceramic,False,steel,False,black
1054,621,rolex,False,Standard,Datejust 36,14825.0,True,white gold,False,steel,False,silver
1055,623,rolex,False,Standard,Datejust 36,11499.0,False,white gold,False,steel,False,black
1056,624,rolex,False,Standard,Day-Date 36,18950.0,False,yellow gold,False,yellow gold,False,black
1057,625,rolex,False,Standard,Datejust 41,19500.0,False,rose gold,False,gold/steel,False,grey
1058,626,rolex,False,Date,Submariner,15399.0,False,ceramic,False,steel,False,black
1060,628,rolex,False,Standard,Datejust 41,18500.0,False,rose gold,False,rose gold,False,grey
1061,629,rolex,False,Standard,Datejust 41,21000.0,True,white gold,False,white gold,False,green
1062,633,rolex,False,Standard,GMT-Master II,18995.0,True,ceramic,False,steel,False,black
1063,634,rolex,False,Standard,Unknown/Other,39091.0,False,white gold,False,white gold,False,white
1064,636,rolex,False,Standard,Unknown/Other,45000.0,False,rose gold,False,rose gold,False,black
1065,637,rolex,False,Standard,GMT-Master II,19565.0,False,ceramic,False,steel,False,black
1066,640,rolex,False,Standard,Day-Date 36,11950.0,False,yellow gold,False,yellow gold,False,champagne
1067,641,rolex,False,Standard,Unknown/Other,31999.0,False,ceramic,False,steel,False,white
1068,643,rolex,False,Date,Submariner,16400.0,True,ceramic,False,gold/steel,False,blue
1069,644,rolex,False,Standard,Oyster Perpetual,7399.0,False,steel,False,steel,False,black
1071,647,rolex,False,Date,Oyster Perpetual,4250.0,False,steel,False,steel,False,grey
1072,648,rolex,False,Standard,Explorer II,8550.0,True,steel,False,steel,False,black
1073,649,rolex,False,Standard,Unknown/Other,36000.0,False,ceramic,False,steel,False,white
1074,650,rolex,False,Standard,Datejust 41,16300.0,True,white gold,False,white gold,False,blue
1076,653,rolex,False,Date,Submariner,14199.0,False,ceramic,False,steel,False,black
1077,654,rolex,False,Standard,Yacht-Master 40,13750.0,True,platinum,False,steel,False,blue
1078,655,rolex,False,Standard,Day-Date 40,44999.0,False,yellow gold,False,yellow gold,False,black
1079,656,rolex,False,Standard,Datejust 41,15395.0,False,white gold,False,steel,False,blue
1080,657,rolex,False,No Date,Submariner,13795.0,False,ceramic,False,steel,False,black
1081,658,rolex,False,Standard,Lady-Datejust,22995.0,False,white gold,False,steel,False,pink
1082,659,rolex,False,Date,Submariner,38600.0,True,ceramic,False,white gold,False,black
1083,660,rolex,False,Date,Submariner,36500.0,True,ceramic,False,white gold,False,black
1084,661,rolex,False,Standard,Unknown/Other,45995.0,False,white gold,False,white gold,False,blue
1085,662,rolex,False,Standard,Datejust 41,16850.0,False,white gold,False,steel,False,grey
1086,663,rolex,False,Standard,Datejust 41,11300.0,True,steel,False,steel,False,blue
1087,665,rolex,False,Standard,Day-Date 40,72070.0,False,white gold,False,white gold,False,meteorite
1088,666,rolex,False,Date,Submariner,19480.0,False,ceramic,False,steel,False,green
1089,667,rolex,False,Standard,Lady-Datejust,4750.0,False,white gold,False,gold/steel,False,black
1090,668,rolex,False,Date,Submariner,14995.0,False,ceramic,False,gold/steel,False,black
1091,669,rolex,False,Standard,Day-Date 36,21250.0,True,yellow gold,False,yellow gold,False,gold
1093,671,rolex,False,Standard,Unknown/Other,26199.0,False,white gold,False,steel,False,white
1094,672,rolex,False,Standard,Explorer II,9428.0,False,steel,False,steel,False,white
1095,673,rolex,False,Date,Submariner,17599.0,False,ceramic,False,gold/steel,False,black
1096,674,rolex,False,Standard,Milgauss,10999.0,False,steel,False,steel,False,black
1097,675,rolex,False,Date,Submariner,15499.0,False,ceramic,False,steel,False,black
1098,677,rolex,False,Date,Submariner,19800.0,False,ceramic,False,gold/steel,False,black
1099,678,rolex,False,Standard,Oyster Perpetual,7395.0,False,steel,False,steel,False,blue
1100,679,rolex,False,Date,Submariner,16499.0,True,ceramic,False,steel,False,black
1101,680,rolex,False,Standard,Yacht-Master 42,31599.0,False,ceramic,False,white gold,False,black
1102,681,rolex,False,Standard,GMT-Master II,20500.0,True,ceramic,False,steel,False,black
1103,682,rolex,False,Standard,Datejust 36,15000.0,True,white gold,False,steel,False,black
1104,683,rolex,False,Date,Submariner,23500.0,True,ceramic,False,steel,False,green
1105,684,rolex,False,Standard,Unknown/Other,124200.0,False,ceramic,False,platinum,False,blue
1106,685,rolex,False,Standard,Day-Date 36,22400.0,False,yellow gold,False,yellow gold,False,gold
1107,686,rolex,False,Standard,GMT-Master II,12995.0,False,steel,False,steel,False,black
1108,687,rolex,False,Standard,Yacht-Master 40,16250.0,False,platinum,False,steel,False,grey
1109,688,rolex,False,Standard,Datejust 31,24995.0,False,yellow gold,False,gold/steel,False,grey
1110,689,rolex,False,Standard,GMT-Master II,17800.0,True,ceramic,False,steel,False,black
1111,690,rolex,False,Standard,Unknown/Other,16495.0,False,steel,False,steel,False,black
1112,691,rolex,False,Standard,GMT-Master II,11380.0,False,yellow gold,False,gold/steel,False,black
1113,692,rolex,False,Standard,Unknown/Other,104995.0,False,white gold,False,white gold,False,silver
1114,693,rolex,False,Standard,Sea-Dweller Deepsea,16500.0,False,ceramic,False,steel,False,blue
1115,694,rolex,False,Standard,Datejust 31,24995.0,False,yellow gold,False,gold/steel,False,white
1116,695,rolex,False,Standard,Datejust 41,17450.0,False,white gold,False,steel,False,grey
1117,696,rolex,False,Date,Submariner,29999.0,True,yellow gold,False,yellow gold,False,blue
1118,697,rolex,False,Standard,Sky-Dweller,17799.0,False,white gold,False,steel,False,white
1119,698,rolex,False,No Date,Submariner,8950.0,False,steel,False,steel,False,black
1120,699,rolex,False,Standard,Oyster Perpetual,12400.0,False,steel,False,steel,False,green
1121,700,rolex,False,Standard,Datejust 41,19425.0,False,yellow gold,False,gold/steel,False,black
1122,701,rolex,False,Standard,Yacht-Master 37,24999.0,False,ceramic,False,rose gold,False,black
1123,702,rolex,False,Date,Submariner,14400.0,True,ceramic,False,steel,False,black
1124,704,rolex,False,Standard,Day-Date 36,19300.0,False,yellow gold,False,yellow gold,False,gold
1125,705,rolex,False,Standard,Datejust 36,11750.0,True,yellow gold,False,yellow gold,False,champagne
1126,706,rolex,False,Standard,Datejust 36,15495.0,False,white gold,False,steel,False,purple
1127,707,rolex,False,Standard,Datejust 36,11450.0,True,yellow gold,False,gold/steel,False,champagne
1128,708,rolex,False,Standard,Day-Date 36,63425.0,False,rose gold,False,rose gold,False,green
1129,709,rolex,False,Standard,Datejust 36,7250.0,False,white gold,False,steel,False,silver
1130,710,rolex,False,Date,Submariner,15500.0,False,ceramic,False,steel,False,black
1131,711,rolex,False,No Date,Submariner,9390.0,True,steel,False,steel,False,black
1132,713,rolex,True,Standard,Unknown/Other,16633.0,False,yellow gold,False,gold/steel,False,champagne
1133,0,patek philippe,False,Standard,Nautilus,3888888.0,False,steel,False,steel,False,blue
1138,5,patek philippe,False,Standard,Annual Calendar Chronograph,61500.0,False,rose gold,False,rose gold,False,brown
1141,8,patek philippe,False,Standard,Aquanaut,552500.0,False,white gold,False,white gold,False,blue
1144,11,patek philippe,False,Standard,Unknown/Other,59400.0,True,white gold,False,white gold,False,blue
1147,14,patek philippe,False,Standard,Nautilus,119499.0,True,steel,False,steel,False,blue
1148,15,patek philippe,False,Standard,Aquanaut,24050.0,False,steel,False,steel,False,black
1151,18,patek philippe,False,Standard,Calatrava,31000.0,False,white gold,False,white gold,False,grey
1152,19,patek philippe,False,Standard,Aquanaut,167000.0,False,steel,False,steel,False,black
1153,20,patek philippe,False,Standard,Aquanaut,84000.0,False,rose gold,False,rose gold,False,brown
1156,23,patek philippe,False,Standard,Aquanaut,124000.0,True,rose gold,False,rose gold,False,brown
1157,24,patek philippe,False,Standard,Unknown/Other,34000.0,False,white gold,False,white gold,False,blue
1159,26,patek philippe,False,Standard,Aquanaut,64999.0,True,steel,False,steel,False,black
1160,27,patek philippe,False,Standard,Perpetual Calendar Chronograph,174300.0,False,platinum,False,platinum,False,green
1161,28,patek philippe,False,Standard,Aquanaut,173000.0,False,rose gold,False,rose gold,False,blue
1162,29,patek philippe,False,Standard,Unknown/Other,47000.0,True,rose gold,False,rose gold,False,black
1163,30,patek philippe,False,Standard,Nautilus,279500.0,False,rose gold,False,rose gold,False,brown
1164,31,patek philippe,False,Standard,Nautilus,319995.0,False,steel,False,steel,False,green
1169,36,patek philippe,False,Standard,Aquanaut,165000.0,False,rose gold,False,rose gold,False,blue
1171,38,patek philippe,False,Standard,Annual Calendar Chronograph,66800.0,True,rose gold,False,rose gold,False,brown
1172,39,patek philippe,False,Standard,Calatrava,148000.0,False,yellow gold,False,rose gold,False,white
1173,40,patek philippe,False,Standard,Nautilus,233810.0,False,white gold,False,gold/steel,False,blue
1175,42,patek philippe,False,Standard,Nautilus,237000.0,False,white gold,False,white gold,False,blue
1177,44,patek philippe,False,Standard,Nautilus,395000.0,False,platinum,False,platinum,False,blue
1178,45,patek philippe,False,Standard,Nautilus,142617.0,True,steel,False,steel,False,blue
1179,46,patek philippe,False,Standard,Unknown/Other,27000.0,False,white gold,False,white gold,False,grey
1180,47,patek philippe,False,Standard,Unknown/Other,54300.0,True,white gold,False,white gold,False,blue
1182,49,patek philippe,False,Standard,Nautilus,580000.0,False,steel,False,steel,False,green
1183,50,patek philippe,False,Standard,Unknown/Other,59000.0,False,rose gold,False,rose gold,False,green
1184,51,patek philippe,False,Standard,Calatrava,13980.0,False,white gold,False,white gold,False,white
1186,53,patek philippe,False,Standard,Annual Calendar Chronograph,75000.0,True,rose gold,False,rose gold,False,blue
1187,54,patek philippe,False,Standard,Cubitus,169000.0,False,platinum,False,platinum,False,blue
1188,55,patek philippe,False,Standard,Calatrava,38889.0,False,white gold,False,white gold,False,black
1189,56,patek philippe,False,Standard,Aquanaut,98500.0,False,rose gold,False,rose gold,False,brown
1190,57,patek philippe,False,Standard,Nautilus,45000.0,False,steel,False,steel,False,blue
1191,58,patek philippe,False,Standard,Aquanaut,24160.0,False,steel,False,steel,False,black
1193,60,patek philippe,False,Standard,Aquanaut,88900.0,True,steel,False,steel,False,black
1194,61,patek philippe,False,Standard,World Time,30675.0,True,yellow gold,False,yellow gold,False,silver
1195,62,patek philippe,False,Standard,Unknown/Other,36999.0,False,yellow gold,False,yellow gold,False,white
1197,64,patek philippe,False,Standard,Unknown/Other,9850.0,False,yellow gold,False,yellow gold,False,gold
1198,65,patek philippe,False,Standard,Nautilus,270000.0,True,rose gold,False,rose gold,False,brown
1199,66,patek philippe,False,Standard,Nautilus,170000.0,True,rose gold,False,rose gold,False,black
1200,67,patek philippe,False,Standard,Unknown/Other,46950.0,True,rose gold,False,rose gold,False,brown
1202,69,patek philippe,False,Standard,Aquanaut,98999.0,True,white gold,False,white gold,False,green
1204,71,patek philippe,False,Standard,Twenty~4,53000.0,True,rose gold,False,rose gold,False,silver
1205,72,patek philippe,False,Standard,Cubitus,162995.0,False,platinum,False,platinum,False,blue
1207,74,patek philippe,False,Standard,Nautilus,205000.0,False,yellow gold,False,yellow gold,False,black
1208,75,patek philippe,False,Standard,Aquanaut,79999.0,False,rose gold,False,rose gold,False,brown
1209,76,patek philippe,False,Standard,Unknown/Other,39733.0,True,rose gold,False,rose gold,False,champagne
1210,77,patek philippe,False,Standard,Unknown/Other,66000.0,True,white gold,False,white gold,False,blue
1211,78,patek philippe,False,Standard,Aquanaut,145000.0,False,steel,False,steel,False,black
1212,79,patek philippe,False,Standard,Calatrava,33888.0,True,rose gold,False,rose gold,False,silver
1213,80,patek philippe,False,Standard,Aquanaut,162000.0,False,white gold,False,white gold,False,blue
1214,81,patek philippe,False,Standard,Calatrava,25250.0,False,white gold,False,white gold,False,champagne
1216,83,patek philippe,False,Standard,Unknown/Other,43000.0,False,rose gold,False,rose gold,False,grey
1217,84,patek philippe,False,Standard,Aquanaut,77999.0,True,steel,False,steel,False,black
1218,85,patek philippe,False,Standard,Nautilus,159995.0,False,rose gold,False,rose gold,False,white
1220,87,patek philippe,False,Standard,Calatrava,18280.0,True,rose gold,False,rose gold,False,silver
1221,88,patek philippe,False,Standard,Calatrava,39500.0,False,rose gold,False,rose gold,False,silver
1222,89,patek philippe,False,Standard,Aquanaut,162000.0,True,steel,False,steel,False,black
1223,90,patek philippe,False,Standard,Aquanaut,122500.0,True,rose gold,False,rose gold,False,brown
1225,92,patek philippe,False,Standard,Nautilus,257000.0,False,white gold,False,white gold,False,blue
1226,93,patek philippe,False,Standard,Nautilus,198445.0,True,rose gold,False,rose gold,False,black
1227,94,patek philippe,False,Standard,Unknown/Other,52950.0,False,white gold,False,white gold,False,blue
1228,95,patek philippe,False,Standard,Grand Complications,1627000.0,True,rose gold,False,rose gold,False,black
1230,97,patek philippe,False,Standard,Calatrava,42700.0,False,white gold,False,white gold,False,grey
1231,98,patek philippe,False,Standard,Nautilus,345000.0,True,steel,False,steel,False,white
1232,99,patek philippe,False,Standard,Nautilus,238000.0,True,rose gold,False,rose gold,False,brown
1233,100,patek philippe,False,Standard,World Time,32500.0,False,rose gold,False,rose gold,False,silver
1237,105,patek philippe,False,Standard,Calatrava,26250.0,False,rose gold,False,rose gold,False,silver
1238,106,patek philippe,False,Standard,Nautilus,271500.0,False,rose gold,False,rose gold,False,brown
1240,108,patek philippe,False,Standard,Nautilus,255000.0,False,steel,False,steel,False,green
1241,109,patek philippe,False,Standard,Aquanaut,43900.0,True,steel,False,steel,False,black
1242,110,patek philippe,False,Standard,Perpetual Calendar Chronograph,169950.0,False,rose gold,False,rose gold,False,black
1243,111,patek philippe,False,Standard,Calatrava,9000.0,True,yellow gold,False,yellow gold,False,silver
1244,112,patek philippe,False,Standard,Calatrava,31750.0,False,white gold,False,white gold,False,grey
1246,114,patek philippe,False,Standard,Nautilus,172000.0,False,white gold,False,white gold,False,blue
1247,115,patek philippe,False,Standard,Nautilus,110000.0,False,rose gold,False,rose gold,False,brown
1248,116,patek philippe,False,Standard,Unknown/Other,29500.0,False,platinum,False,platinum,False,grey
1249,117,patek philippe,False,Standard,Nautilus,126855.0,True,steel,False,steel,False,black
1250,118,patek philippe,False,Standard,Aquanaut,97000.0,False,white gold,False,white gold,False,green
1251,119,patek philippe,False,Standard,Unknown/Other,73616.0,True,white gold,False,white gold,False,blue
1252,120,patek philippe,False,Standard,Unknown/Other,15657.0,True,yellow gold,False,yellow gold,False,blue
1253,121,patek philippe,False,Standard,Calatrava,14589.0,True,yellow gold,False,yellow gold,False,white
1256,124,patek philippe,False,Standard,Nautilus,18498.0,False,yellow gold,False,gold/steel,False,black
1260,129,patek philippe,False,Standard,Nautilus,145000.0,False,steel,False,steel,False,blue
1261,131,patek philippe,False,Standard,Calatrava,14750.0,False,yellow gold,False,yellow gold,False,white
1264,134,patek philippe,False,Standard,Unknown/Other,33000.0,False,white gold,False,white gold,False,silver
1265,135,patek philippe,True,Standard,Aquanaut,38753.0,False,steel,False,steel,False,black
1266,136,patek philippe,False,Standard,Nautilus,175000.0,False,steel,False,steel,False,blue
1267,137,patek philippe,False,Standard,Aquanaut,177942.0,False,rose gold,False,rose gold,False,brown
1268,138,patek philippe,False,Standard,Aquanaut,160000.0,False,rose gold,False,rose gold,False,brown
1269,139,patek philippe,False,Standard,Aquanaut,102600.0,False,rose gold,False,rose gold,False,brown
1270,140,patek philippe,False,Standard,Aquanaut,99890.0,True,white gold,False,white gold,False,blue
1272,142,patek philippe,False,Gray,Nautilus,116750.0,False,steel,False,steel,False,blue
1273,143,patek philippe,False,Standard,Nautilus,102500.0,True,steel,False,steel,False,black
1274,144,patek philippe,False,Standard,Calatrava,37000.0,True,rose gold,False,rose gold,False,silver
1275,145,patek philippe,False,Standard,Cubitus,158999.0,False,platinum,False,platinum,False,blue
1276,146,patek philippe,False,Standard,Nautilus,134195.0,True,rose gold,False,rose gold,False,brown
1277,147,patek philippe,False,Standard,Nautilus,225000.0,True,steel,False,steel,False,blue
1279,150,patek philippe,False,Standard,Nautilus,82000.0,True,gem-set,False,rose gold,False,purple
1280,151,patek philippe,False,Standard,Unknown/Other,47500.0,False,white gold,False,white gold,False,blue
1282,153,patek philippe,False,Standard,Nautilus,126500.0,False,rose gold,False,rose gold,False,brown
1283,154,patek philippe,False,Standard,Calatrava,14499.0,True,white gold,False,white gold,False,white
1285,156,patek philippe,False,Standard,Gondolo,254826.0,True,gem-set,False,rose gold,False,gold
1286,157,patek philippe,False,Standard,Perpetual Calendar Chronograph,164000.0,False,platinum,False,platinum,False,green
1288,159,patek philippe,False,Standard,Calatrava,39800.0,False,steel,False,steel,False,silver
1289,160,patek philippe,False,Standard,World Time,98795.0,False,rose gold,False,rose gold,False,silver
1291,163,patek philippe,False,Standard,Nautilus,83000.0,False,white gold,False,white gold,False,grey
1292,164,patek philippe,False,Standard,Nautilus,124999.0,True,steel,False,steel,False,blue
1293,165,patek philippe,False,Standard,Unknown/Other,34100.0,False,steel,False,steel,False,blue
1295,167,patek philippe,False,Standard,Aquanaut,68000.0,False,rose gold,False,rose gold,False,blue
1296,168,patek philippe,False,Standard,Nautilus,132300.0,True,steel,False,steel,False,white
1297,169,patek philippe,False,Standard,Aquanaut,79550.0,True,steel,False,steel,False,black
1299,171,patek philippe,False,Standard,Aquanaut,74500.0,False,steel,False,steel,False,black
1301,173,patek philippe,False,Chronograph,World Time,86735.0,False,platinum,False,platinum,False,green
1302,174,patek philippe,False,Standard,Gondolo,266151.0,True,gem-set,False,white gold,False,white
1303,175,patek philippe,False,Standard,Nautilus,103200.0,False,white gold,False,white gold,False,grey
1304,176,patek philippe,False,Standard,Perpetual Calendar Chronograph,215000.0,True,white gold,False,white gold,False,silver
1305,177,patek philippe,False,Standard,Unknown/Other,41999.0,False,white gold,False,white gold,False,silver
1306,178,patek philippe,False,Standard,Calatrava,28000.0,False,white gold,False,white gold,False,silver
1307,179,patek philippe,False,Standard,Calatrava,18850.0,False,rose gold,False,rose gold,False,champagne
1308,180,patek philippe,False,Standard,Nautilus,109000.0,True,steel,False,steel,False,blue
1310,182,patek philippe,False,Standard,Perpetual Calendar Chronograph,185000.0,True,platinum,False,platinum,False,pink
1312,184,patek philippe,False,Standard,Nautilus,94500.0,False,yellow gold,False,yellow gold,False,white
1314,186,patek philippe,False,Standard,Unknown/Other,63300.0,True,rose gold,False,rose gold,False,green
1315,187,patek philippe,False,Standard,Nautilus,123250.0,False,rose gold,False,rose gold,False,brown
1317,189,patek philippe,False,Standard,Twenty~4,19700.0,False,steel,False,steel,False,grey
1318,190,patek philippe,False,Chronograph,World Time,56999.0,False,steel,False,steel,False,pink
1319,191,patek philippe,False,Standard,Nautilus,145000.0,True,steel,False,steel,False,blue
1320,192,patek philippe,False,Standard,Unknown/Other,54000.0,False,white gold,False,white gold,False,blue
1321,193,patek philippe,False,Standard,Aquanaut,114000.0,True,rose gold,False,rose gold,False,brown
1325,200,patek philippe,False,Standard,Calatrava,40000.0,False,rose gold,False,rose gold,False,silver
1326,201,patek philippe,False,Standard,Aquanaut,172000.0,False,steel,False,steel,False,black
1327,202,patek philippe,False,Standard,Calatrava,15499.0,True,yellow gold,False,yellow gold,False,white
1328,203,patek philippe,False,Standard,Aquanaut,152000.0,False,white gold,False,white gold,False,blue
1329,204,patek philippe,False,Standard,Calatrava,39000.0,False,rose gold,False,rose gold,False,champagne
1331,206,patek philippe,False,Standard,Aquanaut,65095.0,False,steel,False,steel,False,black
1332,207,patek philippe,False,Standard,Nautilus,365000.0,False,white gold,False,white gold,False,blue
1333,208,patek philippe,False,Standard,Calatrava,28995.0,False,white gold,False,white gold,False,grey
1334,209,patek philippe,False,Standard,Annual Calendar Chronograph,43950.0,True,white gold,False,white gold,False,blue
1335,210,patek philippe,False,Standard,Nautilus,125000.0,False,rose gold,False,gold/steel,False,blue
1336,212,patek philippe,False,Standard,Nautilus,139997.0,False,steel,False,steel,False,blue
1338,214,patek philippe,False,Standard,Aquanaut,89601.0,False,rose gold,False,rose gold,False,brown
1339,215,patek philippe,False,Standard,Nautilus,185000.0,False,yellow gold,False,steel,False,blue
1342,218,patek philippe,False,Standard,Unknown/Other,30499.0,False,white gold,False,white gold,False,white
1345,221,patek philippe,False,Standard,Calatrava,28995.0,False,white gold,False,white gold,False,grey
1346,222,patek philippe,False,Standard,Unknown/Other,8200.0,True,rose gold,False,rose gold,False,white
1347,224,patek philippe,False,Standard,Unknown/Other,98000.0,False,platinum,False,platinum,False,blue
1348,225,patek philippe,False,Standard,Calatrava,39500.0,False,white gold,False,white gold,False,black
1349,226,patek philippe,False,Standard,Calatrava,14500.0,False,yellow gold,False,yellow gold,False,silver
1350,227,patek philippe,False,Standard,Nautilus,121000.0,False,steel,False,steel,False,blue
1352,229,patek philippe,False,Standard,Unknown/Other,58000.0,True,rose gold,False,rose gold,False,silver
1353,230,patek philippe,False,Standard,Aquanaut,76000.0,False,steel,False,steel,False,black
1354,231,patek philippe,False,Standard,Unknown/Other,63450.0,True,rose gold,False,rose gold,False,green
1355,232,patek philippe,False,Standard,Nautilus,42000.0,False,yellow gold,False,yellow gold,False,white
1356,233,patek philippe,False,Standard,Aquanaut,94595.0,True,white gold,False,white gold,False,blue
1358,235,patek philippe,False,Standard,Aquanaut,145000.0,True,white gold,False,white gold,False,blue
1360,237,patek philippe,False,Standard,Aquanaut,70000.0,True,steel,False,steel,False,black
1361,238,patek philippe,False,Standard,Grand Complications,195000.0,False,platinum,False,platinum,False,blue
1362,239,patek philippe,False,Standard,Nautilus,134999.0,False,steel,False,steel,False,blue
1363,240,patek philippe,False,Standard,Calatrava,37884.0,False,white gold,False,white gold,False,blue
1364,241,patek philippe,False,Standard,Unknown/Other,69500.0,True,white gold,False,white gold,False,blue
1366,243,patek philippe,False,Standard,Nautilus,284950.0,False,rose gold,False,rose gold,False,blue
1367,244,patek philippe,False,Standard,World Time,35800.0,False,rose gold,False,rose gold,False,grey
1369,246,patek philippe,False,Standard,Aquanaut,189000.0,True,steel,False,steel,False,black
1370,248,patek philippe,False,Standard,Nautilus,121000.0,False,rose gold,False,gold/steel,False,blue
1372,250,patek philippe,False,Standard,Unknown/Other,55000.0,False,rose gold,False,rose gold,False,green
1374,252,patek philippe,False,Standard,Unknown/Other,31900.0,True,rose gold,False,rose gold,False,silver
1375,253,patek philippe,False,Standard,World Time,66000.0,True,platinum,False,platinum,False,blue
1376,254,patek philippe,False,Standard,Annual Calendar Travel Time,74975.0,False,white gold,False,white gold,False,grey
1377,255,patek philippe,False,Standard,Cubitus,92875.0,True,steel,False,steel,False,green
1378,256,patek philippe,False,Standard,Nautilus,248000.0,False,white gold,False,white gold,False,blue
1381,259,patek philippe,False,Standard,Unknown/Other,420462.0,True,platinum,False,platinum,False,blue
1382,260,patek philippe,False,Standard,Nautilus,90547.0,False,steel,False,steel,False,black
1384,262,patek philippe,False,Standard,Annual Calendar Chronograph,72500.0,False,rose gold,False,rose gold,False,blue
1385,263,patek philippe,False,Standard,Calatrava,63000.0,False,white gold,False,white gold,False,blue
1386,264,patek philippe,False,Standard,Aquanaut,74500.0,False,steel,False,steel,False,black
1387,265,patek philippe,False,Standard,Calatrava,29304.0,True,gem-set,False,rose gold,False,purple
1390,269,patek philippe,False,Standard,Aquanaut,100000.0,False,steel,False,steel,False,black
1392,271,patek philippe,False,Standard,Perpetual Calendar Chronograph,230000.0,True,white gold,False,white gold,False,silver
1395,276,patek philippe,False,Chronograph,World Time,84105.0,False,platinum,False,platinum,False,green
1396,279,patek philippe,False,Standard,Aquanaut,81500.0,True,steel,False,steel,False,black
1397,280,patek philippe,False,Standard,Nautilus,111795.0,False,rose gold,False,rose gold,False,grey
1399,282,patek philippe,False,Standard,Aquanaut,77499.0,False,steel,False,steel,False,black
1401,284,patek philippe,False,Standard,Twenty~4,17900.0,True,steel,False,steel,False,green
1402,285,patek philippe,False,Standard,Unknown/Other,124500.0,False,white gold,False,white gold,False,skeletonized
1403,286,patek philippe,False,Standard,Nautilus,93595.0,True,white gold,False,white gold,False,grey
1404,287,patek philippe,False,Standard,Nautilus,255000.0,False,steel,False,steel,False,blue
1408,291,patek philippe,False,Standard,Calatrava,42500.0,True,white gold,False,white gold,False,black
1409,292,patek philippe,False,Standard,Calatrava,35950.0,True,steel,False,steel,False,silver
1410,293,patek philippe,False,Standard,Nautilus,128000.0,True,steel,False,steel,False,white
1411,294,patek philippe,False,Standard,Nautilus,265950.0,True,rose gold,False,rose gold,False,brown
1413,296,patek philippe,False,Standard,Unknown/Other,77580.0,True,gem-set,False,white gold,False,mother of pearl
1414,297,patek philippe,False,Standard,Nautilus,185000.0,False,rose gold,False,rose gold,False,brown
1415,298,patek philippe,False,Standard,Unknown/Other,23380.0,False,rose gold,False,rose gold,False,pink
1416,299,patek philippe,False,Standard,Nautilus,128000.0,False,steel,False,steel,False,blue
1417,300,patek philippe,False,Standard,Calatrava,21152.0,True,rose gold,False,rose gold,False,brown
1418,301,patek philippe,False,Standard,Unknown/Other,24999.0,False,rose gold,False,rose gold,False,silver
1420,304,patek philippe,False,Standard,Calatrava,18610.0,True,white gold,False,white gold,False,white
1421,305,patek philippe,False,Standard,Unknown/Other,35500.0,False,steel,False,steel,False,blue
1423,307,patek philippe,False,Standard,Nautilus,149888.0,False,steel,False,steel,False,blue
1424,308,patek philippe,False,Standard,Nautilus,138000.0,True,steel,False,steel,False,grey
1425,309,patek philippe,False,Standard,Unknown/Other,19645.0,True,white gold,False,white gold,False,white
1428,312,patek philippe,False,Standard,Cubitus,93000.0,False,steel,False,steel,False,green
1430,314,patek philippe,False,Standard,Aquanaut,96319.0,False,white gold,False,white gold,False,green
1431,315,patek philippe,False,Standard,Nautilus,112650.0,False,steel,False,steel,False,blue
1434,318,patek philippe,False,Standard,Aquanaut,140000.0,False,white gold,False,white gold,False,blue
1435,319,patek philippe,False,Standard,Aquanaut,74000.0,False,rose gold,False,rose gold,False,blue
1438,323,patek philippe,False,Standard,Nautilus,158500.0,True,steel,False,steel,False,blue
1439,324,patek philippe,False,Standard,Nautilus,415000.0,False,white gold,False,white gold,False,blue
1441,328,patek philippe,False,Standard,Nautilus,249000.0,True,rose gold,False,rose gold,False,brown
1443,330,patek philippe,False,Standard,Nautilus,142100.0,False,steel,False,steel,False,blue
1445,332,patek philippe,False,Standard,Aquanaut,89000.0,True,steel,False,steel,False,black
1446,333,patek philippe,False,Standard,Annual Calendar Chronograph,50000.0,False,rose gold,False,rose gold,False,grey
1447,334,patek philippe,False,Standard,Unknown/Other,30375.0,True,white gold,False,white gold,False,black
1448,335,patek philippe,False,Standard,Calatrava,27000.0,False,white gold,False,white gold,False,blue
1450,337,patek philippe,False,Standard,Aquanaut,127800.0,True,rose gold,False,rose gold,False,brown
1451,338,patek philippe,False,Standard,Unknown/Other,43500.0,False,white gold,False,white gold,False,silver
1452,339,patek philippe,False,Standard,Calatrava,33500.0,False,rose gold,False,rose gold,False,purple
1454,343,patek philippe,False,Standard,Grand Complications,210000.0,False,platinum,False,platinum,False,blue
1455,344,patek philippe,False,Standard,Grand Complications,199500.0,True,platinum,False,platinum,False,black
1456,348,patek philippe,False,Standard,World Time,69152.0,True,platinum,False,platinum,False,blue
1458,350,patek philippe,False,Standard,World Time,67748.0,False,white gold,False,white gold,False,blue
1459,352,patek philippe,False,Standard,Nautilus,283000.0,False,rose gold,False,rose gold,False,blue
1460,353,patek philippe,False,Standard,Nautilus,180000.0,False,white gold,False,white gold,False,blue
1461,354,patek philippe,False,Standard,Unknown/Other,45000.0,False,rose gold,False,rose gold,False,black
1462,356,patek philippe,False,Standard,Twenty~4,18500.0,False,steel,False,steel,False,blue
1464,358,patek philippe,False,Standard,Calatrava,43000.0,False,white gold,False,white gold,False,black
1466,360,patek philippe,False,Standard,Unknown/Other,64995.0,False,yellow gold,False,yellow gold,False,white
1467,361,patek philippe,False,Standard,Nautilus,194500.0,False,rose gold,False,rose gold,False,black
1468,362,patek philippe,False,Standard,Unknown/Other,68661.0,True,white gold,False,white gold,False,champagne
1469,363,patek philippe,False,Standard,Nautilus,105000.0,False,steel,False,steel,False,blue
1472,366,patek philippe,False,Chronograph,World Time,58000.0,False,steel,False,steel,False,pink
1473,367,patek philippe,False,Standard,Nautilus,175000.0,False,steel,False,steel,False,blue
1474,369,patek philippe,False,Standard,Nautilus,177218.0,False,white gold,False,white gold,False,blue
1476,371,patek philippe,False,Standard,Aquanaut,95000.0,False,rose gold,False,rose gold,False,brown
1478,373,patek philippe,False,Standard,Gondolo,18500.0,True,yellow gold,False,yellow gold,False,black
1481,377,patek philippe,False,Standard,Gondolo,27500.0,True,white gold,False,white gold,False,blue
1482,378,patek philippe,False,Standard,Calatrava,35000.0,False,white gold,False,white gold,False,grey
1483,379,patek philippe,False,Standard,Nautilus,134000.0,True,steel,False,steel,False,blue
1484,380,patek philippe,False,Standard,Calatrava,55000.0,True,white gold,False,white gold,False,blue
1486,382,patek philippe,False,Standard,Nautilus,265192.0,False,steel,False,steel,False,green
1488,384,patek philippe,False,Standard,Aquanaut,106323.0,False,rose gold,False,rose gold,False,brown
1489,385,patek philippe,False,Standard,Nautilus,112000.0,True,steel,False,steel,False,blue
1490,387,patek philippe,False,Standard,Nautilus,115000.0,False,rose gold,False,rose gold,False,brown
1492,389,patek philippe,False,Standard,Aquanaut,100000.0,False,steel,False,steel,False,black
1495,392,patek philippe,False,Standard,Unknown/Other,49950.0,True,rose gold,False,rose gold,False,blue
1498,395,patek philippe,False,Standard,Nautilus,77650.0,False,steel,False,steel,False,blue
1499,396,patek philippe,False,Standard,Nautilus,185000.0,False,white gold,False,white gold,False,blue
1500,397,patek philippe,False,Standard,Nautilus,134999.0,False,steel,False,steel,False,blue
1505,402,patek philippe,False,Standard,Aquanaut,79950.0,True,steel,False,steel,False,black
1506,403,patek philippe,False,Standard,Nautilus,126975.0,False,steel,False,steel,False,black
1507,404,patek philippe,False,Standard,Nautilus,139500.0,True,gem-set,False,rose gold,False,purple
1508,405,patek philippe,False,Standard,Aquanaut,77597.0,True,steel,False,steel,False,black
1510,407,patek philippe,False,Standard,Nautilus,119995.0,False,steel,False,steel,False,blue
1511,408,patek philippe,False,Standard,Nautilus,110000.0,True,steel,False,steel,False,black
1513,423,patek philippe,False,Chronograph,World Time,56100.0,False,steel,False,steel,False,pink
1514,424,patek philippe,False,Standard,Aquanaut,76999.0,True,steel,False,steel,False,black
1515,425,patek philippe,False,Standard,Nautilus,183000.0,True,white gold,False,white gold,False,blue
1517,427,patek philippe,False,Standard,Aquanaut,79000.0,False,steel,False,steel,False,black
1518,428,patek philippe,False,Standard,Aquanaut,132000.0,True,rose gold,False,rose gold,False,brown
1521,431,patek philippe,False,Standard,Calatrava,33900.0,True,white gold,False,white gold,False,black
1523,433,patek philippe,False,Standard,Aquanaut,135000.0,False,rose gold,False,rose gold,False,brown
1524,434,patek philippe,False,Standard,Twenty~4,19000.0,False,steel,False,steel,False,green
1525,435,patek philippe,False,Standard,Nautilus,139914.0,False,steel,False,steel,False,blue
1526,436,patek philippe,False,Standard,Annual Calendar Chronograph,49950.0,True,rose gold,False,rose gold,False,grey
1528,438,patek philippe,False,Standard,Calatrava,39750.0,True,rose gold,False,rose gold,False,brown
1529,439,patek philippe,False,Standard,Nautilus,118995.0,False,steel,False,steel,False,blue
1530,441,patek philippe,False,Standard,Aquanaut,99995.0,False,steel,False,steel,False,black
1531,442,patek philippe,False,Standard,Nautilus,116000.0,True,rose gold,False,gold/steel,False,blue
1532,443,patek philippe,False,Standard,World Time,68950.0,True,white gold,False,white gold,False,blue
1533,444,patek philippe,False,Standard,Aquanaut,99995.0,True,white gold,False,white gold,False,green
1534,445,patek philippe,False,Standard,Aquanaut,78497.0,False,steel,False,steel,False,black
1537,448,patek philippe,False,Standard,Nautilus,121540.0,False,steel,False,steel,False,grey
1539,450,patek philippe,False,Standard,Nautilus,128121.0,False,steel,False,steel,False,white
1540,451,patek philippe,False,Standard,Nautilus,119000.0,False,steel,False,steel,False,blue
1541,452,patek philippe,False,Standard,Twenty~4,28000.0,False,steel,False,steel,False,blue
1546,457,patek philippe,False,Standard,Annual Calendar Chronograph,51995.0,True,steel,False,steel,False,green
1547,458,patek philippe,False,Standard,Grand Complications,242000.0,True,platinum,False,platinum,False,blue
1552,465,patek philippe,False,Standard,Aquanaut,145000.0,False,rose gold,False,rose gold,False,brown
1553,466,patek philippe,False,Standard,Nautilus,288676.0,False,rose gold,False,rose gold,False,blue
1554,467,patek philippe,False,Standard,Nautilus,110000.0,True,steel,False,steel,False,blue
1556,470,patek philippe,False,Standard,Grandmaster Chime,5720000.0,True,white gold,False,white gold,False,brown
1558,472,patek philippe,False,Standard,Unknown/Other,39499.0,False,steel,False,steel,False,blue
1560,474,patek philippe,False,Standard,Nautilus,130214.0,True,steel,False,steel,False,blue
1561,475,patek philippe,False,Standard,Calatrava,54500.0,False,platinum,False,platinum,False,pink
1562,477,patek philippe,False,Standard,Calatrava,10799.0,True,yellow gold,False,yellow gold,False,silver
1563,478,patek philippe,False,Standard,Nautilus,148320.0,False,steel,False,steel,False,blue
1566,481,patek philippe,False,Standard,Nautilus,134000.0,True,rose gold,False,rose gold,False,brown
1567,482,patek philippe,False,Standard,Grand Complications,114671.0,True,white gold,False,white gold,False,white
1568,485,patek philippe,False,Standard,Calatrava,34145.0,False,white gold,False,white gold,False,blue
1569,488,patek philippe,False,Standard,Grand Complications,182267.0,False,platinum,False,platinum,False,blue
1570,489,patek philippe,False,Standard,Nautilus,205000.0,False,rose gold,False,rose gold,False,brown
1571,490,patek philippe,False,Standard,Unknown/Other,365500.0,False,platinum,False,platinum,False,blue
1572,491,patek philippe,False,Standard,Aquanaut,85050.0,False,steel,False,steel,False,black
1573,492,patek philippe,False,Standard,World Time,63800.0,False,platinum,False,platinum,False,blue
1574,493,patek philippe,False,Standard,Nautilus,129900.0,True,steel,False,steel,False,blue
1576,496,patek philippe,False,Standard,Nautilus,173999.0,True,steel,False,steel,False,blue
1577,497,patek philippe,False,Standard,Nautilus,93000.0,False,steel,False,steel,False,black
1578,498,patek philippe,False,Standard,Nautilus,127500.0,True,steel,False,steel,False,blue
1582,503,patek philippe,False,Standard,Nautilus,85400.0,True,white gold,False,white gold,False,grey
1584,505,patek philippe,False,Standard,Calatrava,43000.0,False,rose gold,False,rose gold,False,blue
1585,506,patek philippe,False,Standard,Unknown/Other,75995.0,False,white gold,False,white gold,False,blue
1587,509,patek philippe,False,Standard,Nautilus,104380.0,False,steel,False,steel,False,blue
1588,510,patek philippe,False,Standard,Nautilus,89100.0,False,steel,False,steel,False,grey
1589,511,patek philippe,False,Standard,Aquanaut,142109.0,False,steel,False,steel,False,black
1590,512,patek philippe,False,Standard,Aquanaut,103000.0,False,rose gold,False,rose gold,False,brown
1591,513,patek philippe,False,Standard,Annual Calendar Travel Time,75032.0,True,white gold,False,white gold,False,grey
1592,514,patek philippe,False,Standard,Nautilus,125000.0,True,steel,False,steel,False,blue
1596,518,patek philippe,False,Standard,Unknown/Other,42349.0,True,steel,False,steel,False,blue
1597,519,patek philippe,False,Standard,Unknown/Other,36300.0,True,gem-set,False,white gold,False,blue
1598,520,patek philippe,False,Standard,Calatrava,32500.0,False,white gold,False,white gold,False,black
1600,522,patek philippe,False,Standard,Calatrava,20500.0,False,rose gold,False,rose gold,False,grey
1601,523,patek philippe,False,Standard,Nautilus,255000.0,False,steel,False,steel,False,grey
1602,524,patek philippe,False,Standard,Calatrava,33350.0,True,white gold,False,white gold,False,black
1603,525,patek philippe,False,Chronograph,World Time,98391.0,True,platinum,False,platinum,False,green
1604,526,patek philippe,False,Standard,Calatrava,30500.0,False,rose gold,False,rose gold,False,champagne
1605,527,patek philippe,False,Standard,Nautilus,113500.0,True,steel,False,steel,False,blue
1606,528,patek philippe,False,Standard,Annual Calendar Chronograph,75195.0,False,rose gold,False,rose gold,False,brown
1607,529,patek philippe,False,Standard,Nautilus,256353.0,False,rose gold,False,rose gold,False,brown
1608,530,patek philippe,False,Standard,Annual Calendar Chronograph,50750.0,True,steel,False,steel,False,green
1609,531,patek philippe,False,Standard,Annual Calendar Chronograph,64500.0,False,platinum,False,platinum,False,black
1613,535,patek philippe,True,Standard,Unknown/Other,25993.0,False,white gold,False,white gold,False,white
1614,536,patek philippe,False,Standard,Annual Calendar Travel Time,68500.0,False,white gold,False,white gold,False,grey
1615,537,patek philippe,False,Standard,Unknown/Other,63300.0,True,rose gold,False,rose gold,False,green
1616,538,patek philippe,False,Standard,World Time,68500.0,False,white gold,False,white gold,False,blue
1618,540,patek philippe,False,Standard,Nautilus,285500.0,False,rose gold,False,rose gold,False,brown
1620,542,patek philippe,False,Standard,Unknown/Other,39999.0,False,white gold,False,white gold,False,black
1621,543,patek philippe,False,Standard,Nautilus,160000.0,True,steel,False,steel,False,blue
1622,544,patek philippe,False,Standard,Unknown/Other,61200.0,False,white gold,False,white gold,False,blue
1623,545,patek philippe,False,Standard,Calatrava,43000.0,False,rose gold,False,rose gold,False,brown
1625,547,patek philippe,False,Standard,Nautilus,123000.0,False,rose gold,False,gold/steel,False,blue
1630,553,patek philippe,False,Standard,Nautilus,158426.0,False,steel,False,steel,False,blue
1632,555,patek philippe,False,Standard,World Time,48500.0,True,rose gold,False,rose gold,False,green
1633,556,patek philippe,False,Standard,Nautilus,125000.0,True,steel,False,steel,False,grey
1635,558,patek philippe,False,Standard,Unknown/Other,53500.0,True,white gold,False,white gold,False,blue
1637,564,patek philippe,False,Standard,Twenty~4,30000.0,True,steel,False,steel,False,blue
1638,568,patek philippe,False,Standard,Unknown/Other,35000.0,True,white gold,False,white gold,False,silver
1639,569,patek philippe,False,Standard,Nautilus,139000.0,False,rose gold,False,rose gold,False,brown
1640,570,patek philippe,False,Standard,Nautilus,89000.0,True,white gold,False,white gold,False,grey
1642,572,patek philippe,False,Standard,Aquanaut,78000.0,False,steel,False,steel,False,black
1646,577,patek philippe,False,Standard,Aquanaut,97250.0,True,rose gold,False,rose gold,False,brown
1651,582,patek philippe,False,Standard,Calatrava,26895.0,True,white gold,False,white gold,False,white
1653,586,patek philippe,False,Standard,Aquanaut,32760.0,True,steel,False,steel,False,black
1654,587,patek philippe,False,Standard,Cubitus,106500.0,False,steel,False,steel,False,green
1656,589,patek philippe,False,Standard,Unknown/Other,32850.0,True,white gold,False,white gold,False,silver
1658,591,patek philippe,False,Standard,Unknown/Other,41600.0,True,steel,False,steel,False,blue
1659,592,patek philippe,False,Standard,Unknown/Other,52808.0,False,rose gold,False,gold/steel,False,black
1660,593,patek philippe,False,Standard,Annual Calendar Chronograph,55000.0,True,steel,False,steel,False,white
1661,594,patek philippe,False,Standard,Nautilus,265000.0,False,rose gold,False,rose gold,False,brown
1663,596,patek philippe,False,Standard,Nautilus,121500.0,True,rose gold,False,gold/steel,False,blue
1665,598,patek philippe,False,Standard,Aquanaut,118500.0,False,steel,False,steel,False,black
1666,599,patek philippe,False,Standard,Calatrava,15000.0,False,yellow gold,False,yellow gold,False,silver
1668,601,patek philippe,False,Standard,Unknown/Other,56000.0,True,rose gold,False,rose gold,False,blue
1669,602,patek philippe,False,Standard,Aquanaut,87300.0,False,steel,False,steel,False,black
1670,604,patek philippe,False,Standard,Aquanaut,97500.0,False,rose gold,False,rose gold,False,brown
1671,605,patek philippe,False,Standard,Unknown/Other,45498.0,False,white gold,False,white gold,False,black
1672,606,patek philippe,False,Standard,Aquanaut,50500.0,False,steel,False,steel,False,white
1673,607,patek philippe,False,Standard,Nautilus,236250.0,True,rose gold,False,rose gold,False,black
1674,608,patek philippe,False,Standard,Unknown/Other,11900.0,False,yellow gold,False,yellow gold,False,champagne
1675,609,patek philippe,False,Standard,Nautilus,262000.0,True,white gold,False,white gold,False,blue
1678,612,patek philippe,False,Standard,Nautilus,351688.0,False,steel,False,steel,False,white
1679,613,patek philippe,False,Standard,Nautilus,140556.0,False,steel,False,steel,False,blue
1683,617,patek philippe,False,Standard,Nautilus,169000.0,True,steel,False,steel,False,blue
1685,619,patek philippe,False,Standard,Aquanaut,184600.0,False,rose gold,False,rose gold,False,blue
1686,620,patek philippe,False,Standard,World Time,102500.0,False,yellow gold,False,yellow gold,False,white
1687,622,patek philippe,False,Standard,Calatrava,20900.0,False,yellow gold,False,yellow gold,False,gold
1690,627,patek philippe,False,Standard,Annual Calendar Chronograph,77700.0,True,rose gold,False,rose gold,False,brown
1692,632,patek philippe,False,Standard,Unknown/Other,56000.0,False,white gold,False,white gold,False,blue
1693,634,patek philippe,False,Standard,Unknown/Other,38999.0,True,white gold,False,white gold,False,grey
1694,635,patek philippe,False,Standard,Calatrava,31997.0,True,rose gold,False,rose gold,False,champagne
1696,637,patek philippe,False,Standard,Calatrava,28000.0,False,rose gold,False,rose gold,False,silver
1699,641,patek philippe,False,Standard,Nautilus,120000.0,False,steel,False,steel,False,grey
1700,642,patek philippe,False,Standard,Calatrava,25500.0,False,white gold,False,white gold,False,silver
1701,643,patek philippe,False,Standard,Unknown/Other,24850.0,True,yellow gold,False,yellow gold,False,silver
1702,644,patek philippe,False,Standard,Aquanaut,96656.0,False,steel,False,steel,False,black
1703,645,patek philippe,False,Standard,Twenty~4,57500.0,True,rose gold,False,rose gold,False,brown
1704,646,patek philippe,False,Standard,Annual Calendar Chronograph,50350.0,False,steel,False,steel,False,white
1705,647,patek philippe,False,Standard,Calatrava,39749.0,False,rose gold,False,rose gold,False,brown
1706,648,patek philippe,False,Standard,Nautilus,196500.0,True,white gold,False,white gold,False,blue
1708,650,patek philippe,False,Standard,Aquanaut,135000.0,False,rose gold,False,rose gold,False,brown
1709,651,patek philippe,False,Standard,Gondolo,27750.0,True,rose gold,False,rose gold,False,brown
1710,652,patek philippe,False,Standard,Nautilus,385000.0,False,rose gold,False,rose gold,False,brown
1712,654,patek philippe,False,Standard,Nautilus,94711.0,False,steel,False,steel,False,black
1713,655,patek philippe,False,Standard,Unknown/Other,47500.0,False,yellow gold,False,yellow gold,False,silver
1715,657,patek philippe,False,Standard,Unknown/Other,38931.0,True,steel,False,steel,False,silver
1716,658,patek philippe,False,Standard,Aquanaut,125134.0,False,steel,False,steel,False,black
1717,659,patek philippe,False,Standard,Nautilus,119000.0,True,rose gold,False,rose gold,False,silver
1721,664,patek philippe,False,Standard,Cubitus,98997.0,True,rose gold,False,gold/steel,False,blue
1724,667,patek philippe,False,Standard,Unknown/Other,63500.0,False,white gold,False,white gold,False,blue
1727,671,patek philippe,False,Standard,Unknown/Other,45430.0,False,yellow gold,False,yellow gold,False,white
1728,672,patek philippe,False,Standard,Calatrava,14500.0,True,yellow gold,False,white gold,False,white
1729,673,patek philippe,False,Standard,Annual Calendar Chronograph,53660.0,False,platinum,False,platinum,False,grey
1730,674,patek philippe,False,Standard,Nautilus,164000.0,True,steel,False,steel,False,blue
1731,675,patek philippe,False,Standard,Calatrava,34000.0,True,white gold,False,white gold,False,black
1733,677,patek philippe,False,Standard,Nautilus,104160.0,False,steel,False,steel,False,grey
1735,679,patek philippe,False,Standard,Nautilus,86500.0,False,white gold,False,white gold,False,grey
1737,682,patek philippe,False,Standard,Nautilus,125000.0,False,rose gold,False,rose gold,False,brown
1738,683,patek philippe,False,Standard,Nautilus,129885.0,False,rose gold,False,gold/steel,False,blue
1740,685,patek philippe,False,Standard,Unknown/Other,10250.0,True,white gold,False,white gold,False,silver
1742,687,patek philippe,False,Standard,Grand Complications,125000.0,True,platinum,False,platinum,False,pink
1743,688,patek philippe,False,Standard,Annual Calendar Chronograph,70029.0,False,rose gold,False,rose gold,False,brown
1746,692,patek philippe,False,Standard,Nautilus,120000.0,False,rose gold,False,rose gold,False,brown
1747,693,patek philippe,False,Standard,Nautilus,98000.0,True,steel,False,steel,False,black
1748,694,patek philippe,False,Standard,Nautilus,84999.0,True,yellow gold,False,yellow gold,False,silver
1749,695,patek philippe,False,Standard,Twenty~4,15280.0,False,steel,False,steel,False,blue
1750,696,patek philippe,False,Standard,Calatrava,10800.0,False,yellow gold,False,yellow gold,False,silver
1753,700,patek philippe,False,Standard,Nautilus,283844.0,False,rose gold,False,rose gold,False,brown
1755,702,patek philippe,False,Standard,Unknown/Other,49500.0,False,white gold,False,white gold,False,blue
1758,708,patek philippe,False,Standard,Aquanaut,182000.0,False,rose gold,False,rose gold,False,blue
1759,710,patek philippe,False,Standard,Unknown/Other,58500.0,False,white gold,False,white gold,False,blue
1760,711,patek philippe,False,Standard,Calatrava,31999.0,False,rose gold,False,rose gold,False,champagne
1762,0,omega,False,Diver M,Seamaster,1999.0,False,steel,False,steel,False,blue
1763,1,omega,False,De Ville,Seamaster,1800.0,True,gold,True,gold/steel,False,champagne
1769,7,omega,False,Diver M,Seamaster,8500.0,False,aluminum,False,titanium,False,black
1773,11,omega,False,Diver M,Seamaster,20900.0,False,ceramic,False,rose gold,False,black
1781,19,omega,False,Racing,Speedmaster,4395.0,True,steel,False,steel,False,white
1785,23,omega,False,Ladies,Constellation,9999.0,True,yellow gold,False,yellow gold,False,champagne
1789,27,omega,False,Standard,Seamaster,4195.0,True,ceramic,False,steel,False,black
1791,29,omega,False,Professional Moonwatch,Speedmaster,16465.0,False,ceramic,False,steel,False,white
1792,30,omega,False,Diver M,Seamaster,5195.0,True,ceramic,False,steel,False,green
1797,35,omega,False,Standard,Seamaster,5990.0,False,steel,False,steel,False,blue
1806,44,omega,False,Worldtimer,Seamaster Aqua Terra,7193.0,True,steel,False,steel,False,blue
1807,45,omega,False,Standard,Unknown/Other,3995.0,False,steel,False,steel,False,black
1809,47,omega,False,Date,Speedmaster,2995.0,True,steel,False,steel,False,silver
1810,48,omega,False,Diver M,Seamaster,6331.0,False,aluminum,False,steel,False,black
1811,49,omega,False,Professional Moonwatch,Speedmaster,5600.0,True,steel,False,steel,False,black
1819,57,omega,False,Standard,Seamaster,990.0,True,steel,False,steel,False,white
1821,59,omega,False,Diver M,Seamaster,5495.0,False,ceramic,False,steel,False,white
1822,60,omega,False,Diver M,Seamaster,7100.0,True,steel,False,steel,False,black
1826,64,omega,False,Standard,Seamaster,899.0,True,steel,False,steel,False,grey
1827,65,omega,False,Standard,Seamaster Planet Ocean,5999.0,False,steel,False,steel,False,black
1833,71,omega,False,Professional Moonwatch,Speedmaster,7695.0,True,steel,False,steel,False,black
1835,73,omega,False,Standard,Seamaster Aqua Terra,5795.0,False,steel,False,steel,False,blue
1837,75,omega,False,Diver M,Seamaster,5740.0,False,ceramic,False,steel,False,green
1839,77,omega,False,Professional Moonwatch,Speedmaster,16250.0,True,ceramic,False,steel,False,black
1843,81,omega,False,Skywalker X33,Speedmaster,5500.0,True,ceramic,False,titanium,False,black
1845,83,omega,False,Standard,Seamaster Aqua Terra,6200.0,True,steel,False,steel,False,blue
1848,86,omega,False,Diver M,Seamaster,3995.0,True,ceramic,False,steel,False,black
1849,87,omega,False,Standard,Seamaster Aqua Terra,4500.0,True,steel,False,steel,False,black
1855,93,omega,False,Standard,Seamaster Aqua Terra,4795.0,True,steel,False,steel,False,black
1858,96,omega,False,Diver M,Seamaster,2650.0,False,steel,False,steel,False,blue
1863,102,omega,False,Railmaster,Seamaster,3590.0,True,steel,False,steel,False,black
1865,104,omega,False,Standard,Seamaster,785.0,True,steel,False,steel,False,champagne
1868,107,omega,False,Diver M,Seamaster,5800.0,False,ceramic,False,steel,False,green
1869,108,omega,False,Professional Moonwatch,Speedmaster,6649.0,False,steel,False,steel,False,black
1871,110,omega,False,Standard,Seamaster,12000.0,True,ceramic,False,steel,False,black
1872,111,omega,False,Professional Moonwatch,Speedmaster,7999.0,True,steel,False,steel,False,white
1875,114,omega,False,Diver M,Seamaster,3600.0,False,steel,False,steel,False,black
1880,119,omega,False,Racing,Speedmaster,2995.0,True,steel,False,steel,False,yellow
1881,120,omega,False,Diver M,Seamaster,3542.0,False,steel,False,steel,False,blue
1887,126,omega,False,Diver M,Seamaster,2750.0,False,steel,False,steel,False,black
1898,141,omega,False,Standard,De Ville,1895.0,True,steel,False,steel,False,silver
1901,145,omega,False,Diver M,Seamaster,4500.0,True,ceramic,False,steel,False,white
1903,147,omega,False,Standard,Seamaster Aqua Terra,5975.0,False,steel,False,steel,False,green
1904,148,omega,False,Reduced,Speedmaster,3295.0,True,steel,False,steel,False,black
1906,150,omega,False,Moonphase,Speedmaster,14500.0,True,ceramic,False,gold/steel,False,grey
1908,152,omega,False,Diver M,Seamaster,5570.0,True,ceramic,False,steel,False,green
1909,153,omega,False,Standard,Classic,1150.0,True,steel,False,steel,False,silver
1914,159,omega,False,Standard,Seamaster,650.0,True,steel,False,yellow gold,False,champagne
1916,161,omega,False,Reduced,Speedmaster,4500.0,True,steel,False,steel,False,black
1917,162,omega,False,Professional Moonwatch,Speedmaster,14150.0,True,ceramic,False,gold/steel,False,silver
1922,167,omega,False,Diver M,Seamaster,4799.0,True,ceramic,False,steel,False,black
1923,169,omega,False,Diver M,Seamaster,5175.0,False,titanium,False,titanium,False,grey
1924,170,omega,False,Professional Moonwatch,Speedmaster,5495.0,False,steel,False,steel,False,black
1925,171,omega,False,Standard,Genève,1250.0,True,steel,False,steel,False,grey
1928,174,omega,False,Standard,Seamaster Planet Ocean,18950.0,True,rose gold,False,rose gold,False,black
1933,179,omega,False,Standard,Speedmaster,10000.0,False,steel,False,gold/steel,False,grey
1935,182,omega,False,Standard,Unknown/Other,3950.0,False,steel,False,steel,False,black
1939,186,omega,False,Diver M,Seamaster,5795.0,False,ceramic,False,steel,False,white
1941,188,omega,False,Standard,Seamaster,3500.0,True,gold,True,gold,True,champagne
1942,189,omega,False,Standard,Seamaster Aqua Terra,6495.0,False,steel,False,steel,False,black
1944,191,omega,False,Professional Moonwatch,Speedmaster,8199.0,False,steel,False,steel,False,white
1946,193,omega,False,Professional Moonwatch,Speedmaster,16995.0,False,ceramic,False,steel,False,white
1947,194,omega,False,Diver M,Seamaster,4110.0,False,ceramic,False,steel,False,black
1948,195,omega,False,Standard,Seamaster Aqua Terra,7100.0,False,steel,False,steel,False,blue
1949,196,omega,False,Diver M,Seamaster,2787.0,True,steel,False,steel,False,white
1950,197,omega,False,Standard,Seamaster Aqua Terra,6395.0,False,steel,False,steel,False,blue
1951,200,omega,False,Diver M,Seamaster,4130.0,False,ceramic,False,steel,False,black
1952,201,omega,False,Diver M,Seamaster,1915.0,False,steel,False,steel,False,white
1954,204,omega,False,Professional Moonwatch,Speedmaster,17850.0,True,ceramic,False,steel,False,black
1956,207,omega,False,Standard,Seamaster,995.0,True,steel,False,steel,False,silver
1957,208,omega,False,Professional Moonwatch,Speedmaster,5699.0,False,steel,False,steel,False,black
1963,214,omega,False,Moonphase,Speedmaster,8400.0,True,ceramic,False,steel,False,blue
1965,216,omega,False,Diver M,Seamaster,4500.0,True,ceramic,False,steel,False,black
1969,220,omega,False,Diver M,Seamaster,6400.0,True,ceramic,False,gold/steel,False,black
1974,225,omega,False,Diver M,Seamaster,4150.0,False,steel,False,steel,False,blue
1977,228,omega,False,Diver M,Seamaster,5795.0,False,ceramic,False,steel,False,blue
1978,229,omega,False,Diver M,Seamaster,9599.0,True,aluminum,False,titanium,False,black
1984,236,omega,False,Diver M,Seamaster,4490.0,False,steel,False,steel,False,black
1986,238,omega,False,Standard,Classic,899.0,True,gold,True,gold,True,champagne
1989,241,omega,False,Professional Moonwatch,Speedmaster,7450.0,True,steel,False,steel,False,black
1991,243,omega,False,Standard,Seamaster Aqua Terra,4595.0,True,steel,False,steel,False,blue
1992,244,omega,False,Diver M,Seamaster,5600.0,True,ceramic,False,steel,False,blue
1993,245,omega,False,Standard,Seamaster,1768.0,True,yellow gold,False,steel,False,black
1995,247,omega,False,Standard,Speedmaster,27113.0,False,ceramic,False,yellow gold,False,gold
1998,250,omega,False,Professional Moonwatch,Speedmaster,6489.0,False,steel,False,steel,False,black
2003,255,omega,False,Standard,Speedmaster,7399.0,True,aluminum,False,steel,False,blue
2006,258,omega,False,Standard,Constellation,3250.0,True,steel,False,steel,False,brown
2009,261,omega,False,Standard,Speedmaster,3995.0,True,steel,False,steel,False,mother of pearl
2010,262,omega,False,Professional Moonwatch,Speedmaster,4980.0,False,steel,False,steel,False,black
2015,268,omega,False,Professional Moonwatch,Speedmaster,13995.0,False,ceramic,False,gold/steel,False,silver
2018,273,omega,False,Diver M,Seamaster,4780.0,True,ceramic,False,steel,False,black
2020,275,omega,False,Diver M,Seamaster,5209.0,False,titanium,False,titanium,False,grey
2021,277,omega,False,Standard,Genève,944.0,True,steel,False,steel,False,grey
2023,279,omega,False,Reduced,Speedmaster,4200.0,False,steel,False,steel,False,black
2025,281,omega,False,Chronograph,Seamaster Planet Ocean,3975.0,True,ceramic,False,steel,False,black
2026,282,omega,False,Standard,Seamaster Aqua Terra,5900.0,True,titanium,False,titanium,False,white
2027,283,omega,False,Prestige,De Ville,5900.0,False,rose gold,False,rose gold,False,mother of pearl
2029,285,omega,False,Reduced,Speedmaster,7350.0,True,aluminum,False,steel,False,white
2031,288,omega,False,Standard,Unknown/Other,1105.0,True,steel,False,steel,False,orange
2032,290,omega,False,Diver M,Seamaster,4400.0,True,ceramic,False,steel,False,grey
2034,292,omega,False,Standard,Seamaster Planet Ocean,3600.0,True,titanium,False,titanium,False,blue
2036,294,omega,False,Standard,Seamaster Planet Ocean,4960.0,True,ceramic,False,steel,False,black
2038,297,omega,False,Split-Seconds,Speedmaster,2990.0,True,steel,False,steel,False,black
2040,299,omega,False,Professional Moonwatch,Speedmaster,5999.0,False,steel,False,steel,False,black
2042,302,omega,False,Diver M,Seamaster,2295.0,True,steel,False,steel,False,blue
2044,304,omega,False,Standard,Seamaster,1500.0,False,steel,False,steel,False,black
2045,305,omega,False,Standard,Seamaster Aqua Terra,4795.0,True,steel,False,steel,False,white
2050,311,omega,False,Mark IV,Speedmaster,2595.0,True,steel,False,steel,False,black
2054,315,omega,False,Worldtimer,Seamaster Aqua Terra,7337.0,True,steel,False,steel,False,blue
2057,318,omega,False,Professional Moonwatch,Speedmaster,6990.0,True,steel,False,steel,False,black
2058,320,omega,False,Standard,Classic,799.0,True,gold,True,gold/steel,False,champagne
2059,321,omega,False,Diver M,Seamaster,6695.0,False,titanium,False,steel,False,grey
2060,322,omega,False,Standard,Seamaster,850.0,True,steel,False,steel,False,gold
2063,325,omega,False,Standard,Seamaster Planet Ocean,8699.0,True,steel,False,steel,False,black
2067,329,omega,False,Standard,Speedmaster,5495.0,True,titanium,False,titanium,False,white
2069,331,omega,False,Standard,Seamaster Planet Ocean,4199.0,False,ceramic,False,steel,False,blue
2070,332,omega,False,Standard,Seamaster,1099.0,True,steel,False,steel,False,silver
2074,337,omega,False,Standard,Seamaster Aqua Terra,5763.0,True,steel,False,steel,False,silver
2076,340,omega,False,Standard,Seamaster,2128.0,False,steel,False,steel,False,blue
2081,350,omega,False,Standard,Classic,683.0,True,steel,False,steel,False,gold
2085,355,omega,False,Snoopy Award,Speedmaster,16500.0,False,ceramic,False,steel,False,silver
2086,357,omega,False,Standard,Seamaster Planet Ocean,8350.0,False,ceramic,False,steel,False,black
2087,358,omega,False,Diver M,Seamaster,3920.0,False,steel,False,steel,False,blue
2089,360,omega,False,Diver M,Seamaster,4105.0,True,ceramic,False,steel,False,black
2090,362,omega,False,Quartz,Constellation,13999.0,True,gem-set,False,rose gold,False,mother of pearl
2091,363,omega,False,Diver M,Seamaster,7999.0,True,steel,False,steel,False,blue
2092,364,omega,False,Diver M,Seamaster,5699.0,False,ceramic,False,steel,False,white
2095,367,omega,False,Professional Moonwatch,Speedmaster,14999.0,False,ceramic,False,steel,False,white
2096,369,omega,False,Standard,Unknown/Other,1019.0,True,gold,True,gold,True,white
2098,371,omega,False,Standard,Seamaster,3196.0,True,steel,False,steel,False,blue
2102,377,omega,False,Standard,Seamaster Aqua Terra,4795.0,True,steel,False,steel,False,grey
2103,378,omega,False,Standard,Seamaster,1199.0,True,steel,False,steel,False,black
2104,379,omega,False,Day-Date,Speedmaster,2595.0,True,steel,False,steel,False,black
2107,383,omega,False,Diver M,Seamaster,8425.0,False,aluminum,False,titanium,False,black
2109,386,omega,False,Racing,Speedmaster,4992.0,True,steel,False,steel,False,black
2111,388,omega,False,Diver M,Seamaster,7500.0,True,aluminum,False,steel,False,blue
2119,397,omega,False,Professional Moonwatch,Speedmaster,15520.0,True,ceramic,False,steel,False,white
2122,401,omega,False,Professional Moonwatch,Speedmaster,5250.0,True,steel,False,steel,False,black
2128,408,omega,False,Standard,Constellation,6999.0,True,yellow gold,False,yellow gold,False,champagne
2132,415,omega,False,Mark IV,Speedmaster,3165.0,False,steel,False,steel,False,black
2133,416,omega,False,Standard,Seamaster,1556.0,False,steel,False,steel,False,black
2134,418,omega,False,Mark II,Speedmaster,2690.0,True,steel,False,steel,False,black
2136,422,omega,False,Professional Moonwatch,Speedmaster,7625.0,True,steel,False,steel,False,black
2141,427,omega,False,Professional Moonwatch,Speedmaster,8350.0,False,steel,False,steel,False,white
2142,428,omega,False,Diver M,Seamaster,4679.0,True,ceramic,False,steel,False,white
2148,435,omega,False,Professional Moonwatch,Speedmaster,6450.0,False,steel,False,steel,False,black
2152,439,omega,False,Standard,Seamaster,1889.0,False,steel,False,steel,False,blue
2157,446,omega,False,Professional Moonwatch,Speedmaster,15999.0,False,ceramic,False,steel,False,white
2158,448,omega,False,Reduced,Speedmaster,5460.0,True,steel,False,steel,False,black
2159,449,omega,False,Professional Moonwatch,Speedmaster,6800.0,False,steel,False,steel,False,black
2160,450,omega,False,Professional Moonwatch,Speedmaster,6123.0,False,aluminum,False,steel,False,black
2161,451,omega,False,Diver M,Seamaster,5335.0,False,ceramic,False,steel,False,blue
2162,452,omega,False,Diver M,Seamaster,5341.0,True,ceramic,False,steel,False,blue
2164,454,omega,False,Standard,Seamaster Planet Ocean,5484.0,False,ceramic,False,steel,False,black
2166,456,omega,False,Trésor,De Ville,3333.0,False,steel,False,steel,False,silver
2167,457,omega,False,Professional Moonwatch,Speedmaster,17526.0,False,ceramic,False,steel,False,white
2168,458,omega,False,Professional Moonwatch,Speedmaster,8200.0,False,steel,False,steel,False,white
2169,459,omega,False,Standard,Seamaster Aqua Terra,5990.0,False,steel,False,steel,False,red
2170,460,omega,False,Ladies,Constellation,9090.0,False,gem-set,False,gold/steel,False,blue
2171,461,omega,False,Diver M,Seamaster,6832.0,False,ceramic,False,steel,False,black
2172,462,omega,False,Professional Moonwatch,Speedmaster,8543.0,False,steel,False,steel,False,white
2174,464,omega,False,Standard,Unknown/Other,5575.0,False,ceramic,False,steel,False,green
2177,474,omega,False,Standard,De Ville,2300.0,True,yellow gold,False,yellow gold,False,gold
2178,475,omega,False,Professional Moonwatch,Speedmaster,6305.0,False,steel,False,steel,False,black
2183,489,omega,False,Professional Moonwatch,Speedmaster,6298.0,True,steel,False,steel,False,black
2184,490,omega,False,Diver M,Seamaster,8797.0,False,aluminum,False,titanium,False,black
2188,508,omega,False,Diver M,Seamaster,9699.0,False,ceramic,False,steel,False,blue
2190,511,omega,False,Professional Moonwatch,Speedmaster,2000.0,True,steel,False,steel,False,black
2193,514,omega,False,Professional Moonwatch,Speedmaster,17199.0,True,steel,False,steel,False,black
2195,517,omega,False,Standard,Seamaster Aqua Terra,4780.0,True,steel,False,steel,False,silver
2196,518,omega,False,Diver M,Seamaster,3316.0,True,white gold,False,steel,False,black
2197,519,omega,False,Date,Speedmaster,4000.0,False,steel,False,steel,False,black
2198,520,omega,False,Standard,Constellation,5700.0,False,ceramic,False,steel,False,grey
2201,524,omega,False,Diver M,Seamaster,6500.0,True,ceramic,False,ceramic,False,black
2203,527,omega,False,Standard,Seamaster,1199.0,True,steel,False,steel,False,black
2204,528,omega,False,Men,Constellation,3790.0,True,rose gold,False,gold/steel,False,silver
2207,531,omega,False,Standard,Speedmaster,2895.0,True,steel,False,steel,False,yellow
2209,534,omega,False,Diver M,Seamaster,4120.0,False,steel,False,steel,False,blue
2210,535,omega,False,Day-Date,Speedmaster,2350.0,False,steel,False,steel,False,blue
2212,537,omega,False,Diver M,Seamaster,4875.0,True,ceramic,False,steel,False,white
2215,542,omega,False,Racing,Speedmaster,4800.0,False,steel,False,steel,False,black
2216,543,omega,False,Diver M,Seamaster,5500.0,False,ceramic,False,steel,False,green
2217,544,omega,False,Worldtimer,Seamaster Aqua Terra,10900.0,False,steel,False,steel,False,blue
2222,549,omega,False,Cosmic,Seamaster,5500.0,False,yellow gold,False,yellow gold,False,champagne
2223,551,omega,False,Standard,Seamaster Planet Ocean,4000.0,False,steel,False,steel,False,black
2224,552,omega,False,Diver M,Seamaster,3920.0,False,steel,False,steel,False,blue
2227,556,omega,False,Standard,Seamaster Planet Ocean,6800.0,False,ceramic,False,steel,False,black
2234,571,omega,False,Date,Speedmaster,2750.0,True,steel,False,steel,False,black
2235,572,omega,False,Professional Moonwatch,Speedmaster,17495.0,False,rose gold,False,rose gold,False,black
2237,574,omega,False,Railmaster,Seamaster,3000.0,True,steel,False,steel,False,black
2244,581,omega,False,Professional Moonwatch,Speedmaster,17425.0,False,ceramic,False,steel,False,silver
2250,587,omega,False,Moonphase,Speedmaster,11000.0,False,steel,False,steel,False,black
2252,589,omega,False,Standard,Seamaster Aqua Terra,17999.0,True,rose gold,False,rose gold,False,blue
2260,597,omega,False,Standard,Seamaster,6800.0,True,steel,False,steel,False,red
2263,601,omega,False,Diver M,Seamaster,4497.0,False,ceramic,False,steel,False,blue
2264,602,omega,False,Diver M,Seamaster,2000.0,True,steel,False,steel,False,blue
2265,603,omega,False,Diver M,Seamaster,4150.0,False,steel,False,steel,False,blue
2266,604,omega,False,Standard,Seamaster Aqua Terra,5000.0,True,steel,False,steel,False,black
2268,607,omega,False,Professional Moonwatch,Speedmaster,7588.0,True,steel,False,steel,False,white
2269,608,omega,False,Professional Moonwatch,Speedmaster,7250.0,False,steel,False,steel,False,black
2273,612,omega,False,Standard,Seamaster Aqua Terra,4795.0,True,steel,False,steel,False,green
2275,614,omega,False,Diver M,Seamaster,4495.0,True,ceramic,False,steel,False,blue
2276,615,omega,False,Diver M,Seamaster,6992.0,False,ceramic,False,gold/steel,False,black
2278,618,omega,False,Diver M,Seamaster,6030.0,True,ceramic,False,steel,False,green
2279,619,omega,False,Professional Moonwatch,Speedmaster,6149.0,True,steel,False,steel,False,black
2285,626,omega,False,Diver M,Seamaster,7850.0,True,steel,False,steel,False,blue
2287,628,omega,False,Date,Speedmaster,4850.0,False,steel,False,steel,False,white
2288,632,omega,False,Worldtimer,Seamaster Aqua Terra,9595.0,False,steel,False,steel,False,blue
2289,633,omega,False,Racing,Speedmaster,4700.0,False,steel,False,steel,False,black
2290,636,omega,False,Worldtimer,Seamaster Aqua Terra,9185.0,True,steel,False,steel,False,blue
2292,642,omega,False,Standard,Seamaster,1590.0,False,steel,False,steel,False,green
2294,649,omega,False,Standard,Seamaster Planet Ocean,3500.0,True,steel,False,steel,False,black
2295,650,omega,False,De Ville,Seamaster,1195.0,True,yellow gold,False,gold,True,gold
2296,651,omega,False,Standard,Constellation,1175.0,True,steel,False,steel,False,silver
2297,652,omega,False,Prestige,De Ville,3919.0,True,steel,False,steel,False,silver
2298,654,omega,False,Diver M,Seamaster,6593.0,True,ceramic,False,steel,False,black
2299,656,omega,False,Professional Moonwatch,Speedmaster,16674.0,False,ceramic,False,steel,False,white
2300,657,omega,False,Standard,Seamaster Planet Ocean,5995.0,True,ceramic,False,steel,False,grey
2302,660,omega,False,Standard,Seamaster Planet Ocean,6699.0,True,ceramic,False,steel,False,black
2307,666,omega,False,Diver M,Seamaster,4595.0,True,ceramic,False,steel,False,blue
2309,668,omega,False,Standard,Seamaster,5588.0,True,steel,False,steel,False,black
2312,672,omega,False,Standard,Seamaster,1299.0,True,steel,False,steel,False,black
2316,677,omega,False,Standard,Seamaster Aqua Terra,12700.0,False,yellow gold,False,gold/steel,False,silver
2317,678,omega,False,Diver M,Seamaster,4400.0,True,ceramic,False,steel,False,blue
2318,679,omega,False,Standard,De Ville,4400.0,True,silver,False,steel,False,green
2319,680,omega,False,Standard,Speedmaster,17250.0,True,ceramic,False,steel,False,black
2322,683,omega,False,Professional Moonwatch,Speedmaster,8699.0,True,steel,False,steel,False,white
2325,686,omega,False,Standard,Seamaster,3195.0,True,steel,False,steel,False,black
2336,701,omega,False,Professional Moonwatch,Speedmaster,50000.0,True,yellow gold,False,yellow gold,False,gold
2337,702,omega,False,Standard,Constellation,12000.0,False,yellow gold,False,yellow gold,False,gold
2338,703,omega,False,Standard,Seamaster Planet Ocean,6099.0,True,steel,False,steel,False,black
2340,710,omega,False,Worldtimer,Seamaster Aqua Terra,66000.0,False,steel,False,steel,False,blue
2341,713,omega,False,Worldtimer,Seamaster Aqua Terra,9500.0,False,steel,False,steel,False,blue
2342,714,omega,False,Standard,Constellation,12000.0,True,yellow gold,False,yellow gold,False,gold
2343,0,cartier,False,Standard,Santos,6999.0,True,steel,False,steel,False,white
2350,7,cartier,False,Standard,Panthère,2947.0,True,steel,False,steel,False,white
2351,8,cartier,False,Standard,Santos Dumont,5000.0,False,steel,False,steel,False,silver
2354,11,cartier,False,Standard,Santos 100,7499.0,True,steel,False,steel,False,silver
2360,17,cartier,False,Standard,Santos,22999.0,False,steel,False,steel,False,skeletonized
2361,18,cartier,False,Solo,Tank,2950.0,True,steel,False,steel,False,silver
2362,19,cartier,False,Standard,Tank Américaine,5950.0,False,yellow gold,False,yellow gold,False,silver
2365,22,cartier,False,Standard,Santos,7095.0,True,steel,False,steel,False,white
2370,27,cartier,False,Standard,Santos,6999.0,True,steel,False,steel,False,green
2372,29,cartier,False,Standard,Ballon Bleu,4499.0,True,steel,False,steel,False,silver
2374,31,cartier,False,Standard,Santos,7200.0,False,yellow gold,False,steel,False,white
2376,33,cartier,False,Standard,Santos,7499.0,True,steel,False,steel,False,white
2377,34,cartier,False,Standard,Tank Louis,8295.0,True,yellow gold,False,yellow gold,False,white
2378,35,cartier,False,Standard,Ballon Bleu,6499.0,True,steel,False,steel,False,silver
2382,39,cartier,False,Standard,Santos,9200.0,False,steel,False,steel,False,black
2383,40,cartier,False,Standard,Santos,4499.0,True,steel,False,steel,False,silver
2388,45,cartier,False,Standard,Santos,9295.0,False,steel,False,steel,False,black
2390,47,cartier,False,Standard,Ballon Bleu,5200.0,True,steel,False,steel,False,silver
2392,49,cartier,False,Standard,Santos Dumont,5099.0,False,steel,False,steel,False,silver
2393,50,cartier,False,Standard,Crash,439995.0,False,platinum,False,platinum,False,silver
2394,51,cartier,False,Standard,Santos 100,4350.0,False,steel,False,steel,False,white
2397,54,cartier,False,Standard,Santos Dumont,4795.0,False,steel,False,steel,False,silver
2399,56,cartier,False,Standard,Ballon Bleu,3290.0,True,steel,False,steel,False,silver
2401,58,cartier,False,Standard,Tank,4995.0,True,steel,False,steel,False,silver
2403,61,cartier,False,Solo,Tank,3150.0,True,steel,False,steel,False,silver
2404,62,cartier,False,Standard,Tank,3500.0,False,steel,False,steel,False,black
2405,63,cartier,False,Galbée,Santos,4000.0,False,steel,False,steel,False,silver
2406,65,cartier,False,Standard,Ballon Bleu,12299.0,True,rose gold,False,rose gold,False,brown
2407,66,cartier,False,Standard,Ballon Bleu,5112.0,False,steel,False,steel,False,silver
2408,67,cartier,False,Standard,Santos,9950.0,True,steel,False,steel,False,blue
2409,68,cartier,False,Standard,Tank,6950.0,True,steel,False,steel,False,white
2411,70,cartier,False,Solo,Tank,3350.0,True,steel,False,steel,False,silver
2412,71,cartier,False,Standard,Panthère,22999.0,True,yellow gold,False,yellow gold,False,white
2413,72,cartier,False,Standard,Panthère,4500.0,False,steel,False,steel,False,silver
2414,73,cartier,False,Galbée,Santos,6500.0,False,steel,False,gold/steel,False,silver
2415,74,cartier,False,Standard,Santos,9299.0,True,yellow gold,False,gold/steel,False,silver
2418,77,cartier,False,Standard,Tank,36980.0,True,yellow gold,False,yellow gold,False,silver
2419,78,cartier,False,Standard,Tank Française,3250.0,False,steel,False,steel,False,silver
2420,79,cartier,False,Standard,Santos Dumont,3895.0,False,steel,False,steel,False,silver
2421,80,cartier,False,Diver,Calibre de Cartier,5200.0,True,steel,False,carbon,False,black
2423,82,cartier,False,Standard,Santos,3700.0,False,yellow gold,False,gold/steel,False,white
2424,83,cartier,False,Standard,Unknown/Other,6499.0,True,rose gold,False,rose gold,False,silver
2425,84,cartier,False,Standard,Santos Dumont,8150.0,False,steel,False,steel,False,black
2426,85,cartier,False,Standard,Unknown/Other,2790.0,True,steel,False,steel,False,silver
2427,86,cartier,False,Standard,Santos,7399.0,False,steel,False,steel,False,green
2429,88,cartier,False,Solo,Tank,3699.0,True,steel,False,steel,False,silver
2431,90,cartier,False,Standard,Santos,7100.0,False,steel,False,steel,False,silver
2436,95,cartier,False,Standard,Santos,10500.0,True,steel,False,steel,False,silver
2437,96,cartier,False,Lacquer,Tank Louis,11500.0,False,yellow gold,False,yellow gold,False,black
2439,98,cartier,False,Standard,Tank Française,2890.0,False,steel,False,steel,False,silver
2440,99,cartier,False,Standard,Tank,7550.0,False,yellow gold,False,yellow gold,False,white
2442,102,cartier,False,Galbée,Santos,6195.0,False,yellow gold,False,steel,False,white
2447,107,cartier,False,Standard,Unknown/Other,11950.0,False,rose gold,False,rose gold,False,silver
2450,110,cartier,False,Standard,Ballon Bleu,3750.0,True,steel,False,steel,False,silver
2451,111,cartier,False,Standard,Tank Française,4450.0,True,steel,False,gold/steel,False,silver
2452,112,cartier,False,Solo,Tank,2986.0,False,steel,False,steel,False,silver
2453,113,cartier,False,Standard,Roadster,5399.0,True,steel,False,steel,False,blue
2454,114,cartier,False,Standard,Santos Dumont,5800.0,False,rose gold,False,gold/steel,False,silver
2455,115,cartier,False,Vermeil,Tank,2500.0,True,silver,False,silver,False,white
2457,117,cartier,False,Standard,Santos 100,5889.0,False,steel,False,steel,False,white
2459,119,cartier,False,Seatimer,Pasha,4818.0,True,steel,False,steel,False,white
2462,122,cartier,False,Standard,Santos,9458.0,False,steel,False,steel,False,silver
2464,124,cartier,False,Standard,Santos,6995.0,True,steel,False,steel,False,silver
2465,125,cartier,False,Standard,Tank,5159.0,False,steel,False,steel,False,silver
2471,133,cartier,False,Standard,Santos 100,5050.0,False,steel,False,steel,False,white
2472,134,cartier,False,Standard,Tank Louis,4990.0,True,yellow gold,False,yellow gold,False,white
2473,135,cartier,False,Standard,Santos Dumont,4800.0,False,steel,False,steel,False,silver
2474,136,cartier,False,Standard,Santos,11979.0,True,steel,False,steel,False,green
2475,137,cartier,False,Standard,Tank Française,17400.0,False,yellow gold,False,yellow gold,False,white
2478,141,cartier,False,Standard,Santos,8899.0,True,steel,False,steel,False,black
2479,142,cartier,False,Standard,Santos 100,4995.0,False,steel,False,steel,False,silver
2480,143,cartier,False,Standard,Panthère,4350.0,True,yellow gold,False,gold/steel,False,white
2482,145,cartier,False,Vermeil,Tank,2850.0,True,silver,False,silver,False,white
2483,146,cartier,False,Standard,Ballon Bleu,5000.0,True,steel,False,steel,False,silver
2485,148,cartier,False,Standard,Tank Louis,9250.0,False,rose gold,False,rose gold,False,silver
2486,149,cartier,False,Standard,Santos,6500.0,True,steel,False,steel,False,green
2489,153,cartier,False,Standard,Santos Dumont,4795.0,True,steel,False,steel,False,silver
2490,154,cartier,False,Standard,Santos,7900.0,False,steel,False,steel,False,blue
2491,155,cartier,False,Standard,Tank Américaine,7499.0,False,white gold,False,white gold,False,silver
2492,156,cartier,False,Standard,Santos,8725.0,True,steel,False,steel,False,blue
2495,159,cartier,False,Standard,Ballon Bleu,6995.0,True,steel,False,steel,False,black
2496,160,cartier,False,Standard,Santos,3400.0,False,yellow gold,False,gold/steel,False,white
2499,163,cartier,False,Standard,Santos Dumont,8495.0,False,steel,False,steel,False,black
2500,164,cartier,True,Standard,Santos,8833.0,False,yellow gold,False,gold/steel,False,red
2501,165,cartier,False,Standard,Unknown/Other,1975.0,False,steel,False,steel,False,silver
2503,167,cartier,False,Standard,Ballon Bleu,4595.0,False,steel,False,steel,False,silver
2505,170,cartier,False,Standard,Santos 100,6195.0,False,steel,False,steel,False,silver
2506,171,cartier,False,Standard,Santos Dumont,35230.0,False,steel,False,steel,False,skeletonized
2507,172,cartier,False,Standard,Panthère,4999.0,False,steel,False,steel,False,silver
2512,177,cartier,False,Vermeil,Tank,2695.0,False,silver,False,silver,False,black
2515,180,cartier,False,Standard,Calibre de Cartier,4250.0,True,steel,False,steel,False,black
2517,182,cartier,False,Standard,Panthère,16900.0,False,yellow gold,False,yellow gold,False,champagne
2518,183,cartier,False,Standard,Pasha,3890.0,True,steel,False,steel,False,silver
2520,185,cartier,False,Standard,Santos Dumont,5395.0,True,rose gold,False,steel,False,silver
2522,188,cartier,False,Standard,Panthère,8950.0,False,yellow gold,False,gold/steel,False,silver
2524,190,cartier,False,Standard,Santos,8400.0,False,steel,False,steel,False,grey
2526,192,cartier,False,Standard,Ballon Bleu,6499.0,True,steel,False,gold/steel,False,silver
2528,195,cartier,False,Standard,Santos Dumont,74125.0,False,rose gold,False,rose gold,False,silver
2531,199,cartier,False,Diver,Calibre de Cartier,5450.0,False,steel,False,steel,False,blue
2532,202,cartier,False,Solo,Tank,3350.0,True,steel,False,steel,False,silver
2535,207,cartier,False,Standard,Tank,8875.0,True,steel,False,steel,False,silver
2536,208,cartier,False,Standard,Santos,42000.0,False,rose gold,False,yellow gold,False,silver
2537,209,cartier,False,Standard,Santos Dumont,5999.0,False,rose gold,False,gold/steel,False,silver
2538,210,cartier,False,Standard,Calibre de Cartier,5795.0,False,rose gold,False,gold/steel,False,silver
2539,211,cartier,False,Standard,Santos,10800.0,True,steel,False,steel,False,silver
2540,212,cartier,False,Standard,Santos,7900.0,False,steel,False,steel,False,silver
2541,213,cartier,False,Standard,Santos,8700.0,True,steel,False,steel,False,brown
2543,215,cartier,False,Standard,Santos,4375.0,False,steel,False,steel,False,white
2544,216,cartier,False,Standard,Tank Française,3800.0,True,steel,False,steel,False,white
2545,218,cartier,False,Standard,Tank Louis,10500.0,True,yellow gold,False,yellow gold,False,white
2547,220,cartier,False,Standard,Panthère,8995.0,False,yellow gold,False,steel,False,silver
2548,221,cartier,False,Anglaise,Tank,3390.0,True,steel,False,steel,False,silver
2549,222,cartier,False,Standard,Ballon Bleu,6069.0,False,steel,False,steel,False,blue
2551,224,cartier,False,Standard,Santos,10350.0,False,yellow gold,False,gold/steel,False,white
2552,225,cartier,False,Solo,Tank,2995.0,False,steel,False,steel,False,white
2553,226,cartier,False,Standard,Tank,4250.0,False,steel,False,steel,False,silver
2556,229,cartier,False,Standard,Pasha,8850.0,False,yellow gold,False,gold/steel,False,silver
2557,230,cartier,False,Solo,Tank,4500.0,False,steel,False,steel,False,silver
2558,231,cartier,False,Standard,Tank,4900.0,False,steel,False,steel,False,red
2559,232,cartier,False,Diver,Calibre de Cartier,4950.0,False,steel,False,steel,False,black
2561,234,cartier,False,Standard,Santos Dumont,5999.0,False,steel,False,steel,False,silver
2562,236,cartier,False,Standard,Santos,8995.0,False,steel,False,steel,False,black
2564,238,cartier,False,Standard,Ballon Bleu,4999.0,True,steel,False,steel,False,blue
2565,239,cartier,False,Standard,Santos,4600.0,False,yellow gold,False,gold/steel,False,white
2566,240,cartier,False,Standard,Santos,8500.0,False,steel,False,steel,False,blue
2568,242,cartier,False,Standard,Ballon Bleu,3950.0,True,steel,False,steel,False,silver
2570,244,cartier,False,Galbée,Santos,6850.0,False,steel,False,steel,False,white
2571,245,cartier,False,Standard,Santos Dumont,37260.0,False,rose gold,False,rose gold,False,skeletonized
2573,247,cartier,False,Galbée,Santos,4895.0,True,steel,False,steel,False,white
2574,248,cartier,False,Standard,Santos,12979.0,True,steel,False,steel,False,green
2577,251,cartier,False,Standard,Tank Louis,7800.0,True,yellow gold,False,yellow gold,False,white
2578,252,cartier,False,Galbée,Santos,7800.0,False,steel,False,gold/steel,False,white
2581,255,cartier,False,Diver,Calibre de Cartier,4999.0,False,ceramic,False,steel,False,blue
2582,256,cartier,False,Standard,Unknown/Other,8995.0,True,steel,False,steel,False,silver
2583,257,cartier,False,Standard,Santos,8395.0,False,steel,False,steel,False,silver
2586,261,cartier,False,Standard,Panthère,3800.0,True,steel,False,steel,False,mother of pearl
2587,262,cartier,False,Standard,Santos 100,5850.0,True,steel,False,steel,False,black
2589,264,cartier,False,Demoiselle,Santos,6100.0,True,steel,False,gold/steel,False,white
2596,275,cartier,False,Standard,Pasha,5800.0,True,steel,False,steel,False,silver
2597,277,cartier,False,Standard,Panthère,3726.0,False,yellow gold,False,gold/steel,False,white
2598,278,cartier,False,Standard,Santos,8634.0,False,steel,False,steel,False,blue
2599,279,cartier,False,Standard,Tank,4195.0,False,steel,False,steel,False,silver
2600,280,cartier,False,Standard,Santos,2990.0,True,yellow gold,False,gold/steel,False,white
2602,282,cartier,False,Standard,Panthère,10395.0,False,yellow gold,False,steel,False,silver
2603,283,cartier,False,Standard,Roadster,10735.0,False,yellow gold,False,yellow gold,False,silver
2604,287,cartier,False,Standard,Ballon Bleu,3790.0,True,steel,False,steel,False,black
2607,290,cartier,False,Standard,Santos Dumont,6999.0,True,steel,False,steel,False,silver
2610,293,cartier,False,Standard,Tank,3800.0,False,silver,False,silver,False,white
2616,300,cartier,False,Standard,Ronde Solo de Cartier,2850.0,True,steel,False,steel,False,silver
2617,301,cartier,False,Standard,Santos,34000.0,False,yellow gold,False,yellow gold,False,silver
2619,303,cartier,False,Standard,Santos,8995.0,False,steel,False,steel,False,silver
2620,304,cartier,False,Standard,Panthère,18500.0,False,yellow gold,False,yellow gold,False,white
2621,305,cartier,True,Standard,Baignoire,9353.0,False,yellow gold,False,yellow gold,False,white
2625,309,cartier,False,Solo,Tank,4550.0,True,steel,False,steel,False,silver
2626,310,cartier,False,Standard,Unknown/Other,4140.0,False,steel,False,steel,False,silver
2627,311,cartier,False,Standard,Panthère,5145.0,False,steel,False,steel,False,white
2629,313,cartier,False,Standard,Santos,7195.0,False,steel,False,steel,False,grey
2630,314,cartier,False,Standard,Unknown/Other,6190.0,False,white gold,False,white gold,False,pink
2631,315,cartier,False,Galbée,Santos,6200.0,False,steel,False,steel,False,white
2633,317,cartier,False,Standard,Santos 100,8500.0,False,steel,False,steel,False,white
2634,318,cartier,False,Standard,Tank,5000.0,False,steel,False,steel,False,silver
2635,319,cartier,False,Standard,Panthère,12919.0,False,yellow gold,False,yellow gold,False,white
2636,321,cartier,False,Standard,Santos,38750.0,True,yellow gold,False,yellow gold,False,white
2637,322,cartier,False,Standard,Tank Française,2900.0,True,steel,False,steel,False,white
2639,324,cartier,False,Standard,Santos,4500.0,False,steel,False,steel,False,white
2640,325,cartier,False,Standard,Ballon Bleu,12460.0,False,yellow gold,False,yellow gold,False,silver
2641,327,cartier,False,Standard,Tank Louis,11950.0,False,yellow gold,False,yellow gold,False,white
2642,328,cartier,False,Standard,Drive de Cartier,4950.0,False,steel,False,steel,False,white
2643,329,cartier,False,Standard,Tank Louis,7400.0,True,yellow gold,False,yellow gold,False,white
2644,330,cartier,False,Standard,Santos Dumont,6890.0,False,rose gold,False,steel,False,silver
2646,333,cartier,False,Galbée,Santos,5900.0,False,yellow gold,False,gold/steel,False,white
2647,334,cartier,False,Solo,Tank,3950.0,True,steel,False,steel,False,silver
2648,336,cartier,False,Standard,Santos,8495.0,False,yellow gold,False,gold/steel,False,grey
2649,337,cartier,True,Standard,Pasha,3113.0,False,steel,False,steel,False,white
2650,338,cartier,False,Standard,Ballon Bleu,5999.0,True,steel,False,steel,False,silver
2651,343,cartier,False,Standard,Tank Française,2999.0,False,steel,False,steel,False,white
2654,346,cartier,False,Anglaise,Tank,4800.0,True,steel,False,steel,False,silver
2656,351,cartier,False,Standard,Santos,8995.0,True,steel,False,steel,False,silver
2658,353,cartier,False,Standard,Panthère,13300.0,False,yellow gold,False,yellow gold,False,white
2659,354,cartier,False,Standard,Tank Américaine,20850.0,True,white gold,False,white gold,False,white
2661,357,cartier,False,Standard,Santos,7999.0,False,steel,False,steel,False,green
2665,361,cartier,False,Standard,Santos,15000.0,False,steel,False,steel,False,silver
2666,363,cartier,False,Standard,Panthère,10250.0,True,yellow gold,False,gold/steel,False,silver
2667,364,cartier,False,Standard,Ballon Bleu,4850.0,True,steel,False,steel,False,silver
2668,365,cartier,False,Standard,Roadster,3495.0,False,steel,False,steel,False,silver
2669,366,cartier,False,Standard,Santos,10800.0,True,steel,False,steel,False,silver
2670,367,cartier,False,Standard,Ballon Bleu,3995.0,True,steel,False,steel,False,silver
2671,369,cartier,False,Standard,Santos,8675.0,True,steel,False,steel,False,silver
2672,370,cartier,False,Solo,Tank,3750.0,False,steel,False,steel,False,white
2673,371,cartier,False,Standard,Tank Louis,8295.0,False,yellow gold,False,yellow gold,False,silver
2675,373,cartier,False,Standard,Rotonde de Cartier,118700.0,True,white gold,False,white gold,False,skeletonized
2676,375,cartier,False,Standard,Tank Louis,11699.0,True,yellow gold,False,yellow gold,False,red
2680,379,cartier,True,Standard,Santos,5713.0,False,yellow gold,False,gold/steel,False,white
2681,381,cartier,False,Standard,Santos,8000.0,False,steel,False,steel,False,green
2682,382,cartier,False,Standard,Ballon Bleu,4995.0,False,steel,False,steel,False,black
2683,383,cartier,False,Solo,Tank,3380.0,False,steel,False,steel,False,silver
2684,384,cartier,False,Standard,Santos 100,5950.0,False,steel,False,gold/steel,False,white
2685,385,cartier,False,Galbée,Santos,5500.0,False,steel,False,steel,False,white
2686,387,cartier,False,Standard,Santos,7550.0,False,steel,False,steel,False,green
2687,388,cartier,False,Solo,Tank,5290.0,True,yellow gold,False,yellow gold,False,white
2688,389,cartier,False,Standard,Santos 100,5995.0,True,steel,False,steel,False,white
2689,390,cartier,False,Standard,Baignoire,10999.0,True,rose gold,False,rose gold,False,silver
2690,391,cartier,False,Standard,Santos,7950.0,False,steel,False,steel,False,silver
2691,393,cartier,False,Standard,Santos,8500.0,False,steel,False,steel,False,black
2693,395,cartier,True,Solo,Tank,4360.0,False,steel,False,steel,False,white
2694,396,cartier,False,Standard,Santos,7799.0,True,steel,False,steel,False,green
2695,397,cartier,False,Galbée,Santos,4800.0,False,yellow gold,False,gold/steel,False,white
2699,402,cartier,False,Standard,Tank Française,4495.0,False,steel,False,gold/steel,False,silver
2700,403,cartier,False,Standard,Tank Louis,7500.0,False,yellow gold,False,yellow gold,False,white
2701,405,cartier,True,Standard,Santos Dumont,7793.0,False,steel,False,steel,False,green
2702,406,cartier,False,Galbée,Santos,4995.0,True,steel,False,steel,False,white
2703,407,cartier,False,Galbée,Santos,4470.0,False,yellow gold,False,steel,False,white
2704,408,cartier,False,Standard,Roadster,5295.0,False,steel,False,steel,False,silver
2706,410,cartier,False,Standard,Pasha,2999.0,True,steel,False,steel,False,pink
2707,411,cartier,False,Standard,Ronde Solo de Cartier,3000.0,True,steel,False,steel,False,silver
2708,412,cartier,False,Standard,Santos,37000.0,False,yellow gold,False,yellow gold,False,silver
2709,415,cartier,False,Standard,Santos,9899.0,True,yellow gold,False,steel,False,silver
2710,417,cartier,False,Standard,Roadster,27950.0,False,yellow gold,False,yellow gold,False,silver
2711,418,cartier,False,Standard,Panthère,19160.0,False,gem-set,False,yellow gold,False,white
2713,420,cartier,False,Standard,Ronde Solo de Cartier,2795.0,False,steel,False,steel,False,silver
2716,424,cartier,False,Standard,Santos,9099.0,False,steel,False,steel,False,green
2717,425,cartier,False,Standard,Santos,7990.0,True,steel,False,steel,False,blue
2718,426,cartier,False,Standard,Ballon Bleu,6400.0,False,steel,False,steel,False,blue
2719,427,cartier,False,Standard,Santos Dumont,8400.0,True,steel,False,steel,False,black
2720,428,cartier,False,Standard,Santos Dumont,7990.0,False,white gold,False,white gold,False,silver
2721,429,cartier,False,Standard,Santos,8395.0,True,steel,False,steel,False,grey
2722,430,cartier,False,Standard,Santos Dumont,4975.0,False,steel,False,steel,False,silver
2723,431,cartier,False,Standard,Panthère,6099.0,False,steel,False,steel,False,silver
2724,432,cartier,True,Standard,Pasha,19753.0,False,yellow gold,False,yellow gold,False,white
2726,435,cartier,False,Standard,Santos,11500.0,True,yellow gold,False,gold/steel,False,silver
2727,436,cartier,False,Standard,Santos Dumont,9995.0,True,rose gold,False,rose gold,False,white
2728,437,cartier,False,Standard,Santos 100,6500.0,True,steel,False,steel,False,white
2730,439,cartier,False,Standard,Santos Dumont,15289.0,False,yellow gold,False,yellow gold,False,grey
2731,441,cartier,False,Standard,Panthère,9749.0,True,yellow gold,False,gold/steel,False,white
2733,443,cartier,False,Standard,Santos,8350.0,False,steel,False,steel,False,black
2735,445,cartier,False,Standard,Santos Dumont,7750.0,True,steel,False,steel,False,silver
2740,451,cartier,False,Standard,Tank,6100.0,False,steel,False,steel,False,green
2741,453,cartier,False,Large,Santos,8250.0,False,steel,False,steel,False,green
2742,454,cartier,False,Standard,Panthère,5400.0,False,steel,False,steel,False,silver
2743,455,cartier,False,Standard,Baignoire,16500.0,False,yellow gold,False,yellow gold,False,silver
2744,456,cartier,False,Standard,Santos Dumont,8425.0,False,steel,False,steel,False,black
2747,459,cartier,False,Standard,Panthère,10999.0,True,yellow gold,False,gold/steel,False,silver
2748,460,cartier,False,Standard,Panthère,10350.0,False,yellow gold,False,gold/steel,False,white
2751,463,cartier,False,Standard,Roadster,6200.0,True,steel,False,steel,False,silver
2752,465,cartier,False,Standard,Santos,16100.0,True,yellow gold,False,yellow gold,False,white
2754,467,cartier,False,Standard,Santos,8274.0,False,steel,False,steel,False,grey
2756,469,cartier,False,Galbée,Santos,4500.0,True,steel,False,steel,False,silver
2758,472,cartier,False,Standard,Ballon Bleu,3490.0,True,steel,False,steel,False,white
2759,473,cartier,False,Standard,Santos,8000.0,True,steel,False,steel,False,green
2760,474,cartier,False,Galbée,Santos,3990.0,True,steel,False,steel,False,silver
2762,477,cartier,False,Standard,Roadster,3800.0,True,steel,False,steel,False,silver
2763,478,cartier,False,Standard,Tank,4990.0,True,steel,False,steel,False,white
2764,479,cartier,False,Standard,Panthère,6500.0,False,yellow gold,False,gold/steel,False,white
2765,480,cartier,False,Standard,Ballon Bleu,4495.0,False,steel,False,steel,False,silver
2766,481,cartier,False,Standard,Tank Française,5100.0,False,steel,False,steel,False,silver
2767,483,cartier,False,Standard,Unknown/Other,3900.0,True,steel,False,steel,False,silver
2769,486,cartier,False,Standard,Santos,8550.0,False,steel,False,steel,False,green
2774,494,cartier,False,Standard,Santos,11000.0,True,steel,False,steel,False,silver
2775,495,cartier,False,Standard,Panthère,9999.0,True,yellow gold,False,gold/steel,False,silver
2776,496,cartier,False,Standard,Tank Française,3500.0,True,steel,False,steel,False,white
2778,498,cartier,False,Standard,Ballon Bleu,6350.0,False,steel,False,steel,False,grey
2779,499,cartier,False,Standard,Panthère,7495.0,False,yellow gold,False,gold/steel,False,silver
2781,502,cartier,True,Standard,Tank Française,7273.0,False,yellow gold,False,yellow gold,False,champagne
2782,503,cartier,False,Standard,Santos,9497.0,False,steel,False,steel,False,blue
2784,505,cartier,False,Standard,Ballon Bleu,4349.0,False,steel,False,gold/steel,False,pink
2785,506,cartier,False,Standard,Ballon Bleu,4350.0,True,steel,False,steel,False,silver
2786,507,cartier,False,Standard,Ballon Bleu,22499.0,True,rose gold,False,rose gold,False,silver
2790,511,cartier,False,Standard,Ballon Bleu,7900.0,True,steel,False,steel,False,silver
2791,512,cartier,False,Standard,Tank Française,2950.0,False,steel,False,steel,False,silver
2796,518,cartier,False,Standard,Santos,4300.0,True,steel,False,steel,False,silver
2797,519,cartier,False,Standard,Roadster,5499.0,True,yellow gold,False,steel,False,pink
2798,521,cartier,False,MC,Tank,4950.0,False,steel,False,steel,False,blue
2799,522,cartier,False,Standard,Unknown/Other,3399.0,False,steel,False,steel,False,silver
2801,524,cartier,False,Standard,Ronde Solo de Cartier,2395.0,False,steel,False,steel,False,silver
2802,525,cartier,False,Standard,Ballon Bleu,18990.0,False,white gold,False,white gold,False,silver
2804,527,cartier,False,Standard,Tank Française,23500.0,True,steel,False,yellow gold,False,silver
2806,529,cartier,False,Standard,Unknown/Other,1475.0,True,gold,True,silver,False,gold
2809,532,cartier,False,Standard,Ballon Bleu,4995.0,False,steel,False,steel,False,blue
2811,534,cartier,False,Standard,Panthère,4925.0,False,steel,False,steel,False,silver
2813,536,cartier,False,Galbée,Santos,3595.0,True,steel,False,steel,False,white
2814,538,cartier,False,Solo,Tank,6985.0,False,yellow gold,False,yellow gold,False,silver
2815,539,cartier,False,Solo,Tank,2900.0,False,steel,False,steel,False,silver
2817,541,cartier,False,Standard,Pasha,12250.0,True,steel,False,steel,False,green
2818,542,cartier,False,Standard,Ballon Bleu,5400.0,False,steel,False,steel,False,silver
2819,543,cartier,False,Standard,Ballon Bleu,9999.0,True,steel,False,steel,False,silver
2820,544,cartier,False,Standard,Panthère,6200.0,False,yellow gold,False,gold/steel,False,white
2821,545,cartier,False,Standard,Santos,24225.0,True,steel,False,steel,False,skeletonized
2822,546,cartier,False,Galbée,Santos,6600.0,False,yellow gold,False,gold/steel,False,white
2825,550,cartier,False,Standard,Drive de Cartier,5350.0,False,steel,False,steel,False,silver
2826,551,cartier,False,Standard,Ballon Bleu,6600.0,False,steel,False,steel,False,silver
2829,554,cartier,False,Standard,Panthère,10395.0,True,gold/steel,False,gold/steel,False,silver
2830,555,cartier,False,Standard,Santos,7895.0,True,steel,False,steel,False,white
2831,557,cartier,False,Standard,Santos Dumont,5500.0,False,rose gold,False,gold/steel,False,silver
2832,560,cartier,False,Standard,Ballon Bleu,7200.0,False,steel,False,steel,False,silver
2833,561,cartier,False,Standard,Santos Dumont,9250.0,True,white gold,False,white gold,False,silver
2835,565,cartier,False,Standard,Santos,15200.0,True,yellow gold,False,gold/steel,False,silver
2836,567,cartier,False,Standard,Santos Dumont,8650.0,True,steel,False,steel,False,silver
2839,572,cartier,False,Standard,Santos,8000.0,True,steel,False,steel,False,silver
2841,575,cartier,False,Standard,Unknown/Other,3350.0,False,steel,False,steel,False,silver
2842,576,cartier,False,Standard,Roadster,6600.0,True,yellow gold,False,gold/steel,False,black
2843,577,cartier,False,Standard,Unknown/Other,3500.0,True,yellow gold,False,gold/steel,False,champagne
2845,579,cartier,True,Galbée,Santos,6753.0,False,yellow gold,False,gold/steel,False,champagne
2848,583,cartier,False,Standard,Santos,10595.0,False,yellow gold,False,steel,False,silver
2849,584,cartier,False,Standard,Santos,4000.0,True,yellow gold,False,gold/steel,False,white
2853,588,cartier,False,C,Pasha,2229.0,False,steel,False,steel,False,silver
2854,589,cartier,False,Standard,Tank Américaine,6299.0,False,steel,False,steel,False,silver
2856,591,cartier,False,Standard,Roadster,5499.0,True,steel,False,steel,False,silver
2857,593,cartier,False,Standard,Santos 100,4600.0,False,steel,False,steel,False,white
2859,595,cartier,False,Standard,Panthère,7950.0,True,yellow gold,False,steel,False,silver
2862,599,cartier,False,Standard,Santos,11978.0,False,steel,False,steel,False,green
2863,600,cartier,False,Standard,Ballon Bleu,4195.0,False,steel,False,steel,False,silver
2864,601,cartier,False,Standard,Pasha,7495.0,True,steel,False,steel,False,white
2867,605,cartier,False,Standard,Santos Dumont,20850.0,False,steel,False,steel,False,skeletonized
2872,611,cartier,False,Standard,Panthère,10636.0,True,white gold,False,white gold,False,white
2873,612,cartier,False,Divan,Tank,6500.0,True,yellow gold,False,yellow gold,False,champagne
2876,615,cartier,False,Standard,Tank Américaine,5350.0,True,white gold,False,white gold,False,blue
2877,616,cartier,False,Standard,Pasha,8575.0,True,steel,False,steel,False,silver
2878,618,cartier,True,Standard,Ballon Bleu,13513.0,False,rose gold,False,rose gold,False,silver
2880,620,cartier,True,Standard,Panthère,12472.0,False,yellow gold,False,yellow gold,False,champagne
2883,624,cartier,False,Standard,Santos,7600.0,True,steel,False,steel,False,green
2884,625,cartier,False,Standard,Santos,7550.0,True,steel,False,steel,False,blue
2885,626,cartier,False,Standard,Santos,6995.0,False,steel,False,steel,False,silver
2887,629,cartier,False,Standard,Santos Dumont,3500.0,True,steel,False,steel,False,silver
2888,630,cartier,False,Anglaise,Tank,6150.0,False,steel,False,steel,False,silver
2897,5,breitling,False,Old,Navitimer,5450.0,True,yellow gold,False,steel,False,blue
2909,17,breitling,False,Standard,Transocean Chronograph,7000.0,True,rose gold,False,gold/steel,False,brown
2915,23,breitling,False,Standard,Navitimer,4850.0,True,steel,False,steel,False,blue
2918,26,breitling,False,Standard,Superocean Heritage II,3600.0,False,ceramic,False,steel,False,black
2919,27,breitling,False,Standard,Superocean,4995.0,True,ceramic,False,bronze,False,green
2922,30,breitling,False,Standard,Chronomat,4495.0,False,steel,False,steel,False,grey
2927,35,breitling,False,Standard,Colt,3699.0,True,steel,False,steel,False,black
2931,39,breitling,False,Standard,Avenger,5395.0,False,ceramic,False,ceramic,False,black
2932,40,breitling,False,Standard,Superocean Heritage II,3890.0,True,steel,False,steel,False,black
2936,44,breitling,False,Standard,Superocean Heritage II,3695.0,False,ceramic,False,steel,False,blue
2942,50,breitling,False,Standard,Superocean,3395.0,False,ceramic,False,steel,False,blue
2943,51,breitling,False,Standard,Navitimer,4495.0,True,steel,False,steel,False,black
2946,54,breitling,False,Standard,Superocean,3200.0,True,steel,False,steel,False,black
2953,62,breitling,False,Standard,Aerospace,2495.0,False,titanium,False,titanium,False,black
2954,63,breitling,False,Standard,Transocean Chronograph,4200.0,False,steel,False,steel,False,black
2957,66,breitling,False,Standard,Superocean,3400.0,False,ceramic,False,steel,False,black
2962,72,breitling,False,Standard,Navitimer 1 B01 Chronograph,5695.0,False,steel,False,steel,False,black
2967,77,breitling,False,Standard,Navitimer 1 B01 Chronograph,8750.0,False,steel,False,steel,False,blue
2969,79,breitling,False,Standard,Superocean,3300.0,False,steel,False,steel,False,black
2971,81,breitling,False,Standard,Superocean,3895.0,False,steel,False,steel,False,blue
2974,84,breitling,False,Standard,Superocean,4500.0,True,steel,False,steel,False,blue
2975,85,breitling,False,World,Navitimer,5375.0,True,steel,False,steel,False,black
2981,91,breitling,False,Standard,Superocean Heritage II,3750.0,False,ceramic,False,steel,False,black
2986,96,breitling,False,Standard,Superocean,2495.0,False,steel,False,steel,False,black
2995,105,breitling,False,Old,Navitimer,3690.0,True,steel,False,steel,False,black
3000,110,breitling,False,Standard,Navitimer,3600.0,False,steel,False,steel,False,blue
3003,113,breitling,False,Standard,Bentley Motors,4970.0,True,steel,False,steel,False,purple
3009,119,breitling,False,Standard,Unknown/Other,5499.0,True,gold/steel,False,steel,False,black
3015,127,breitling,False,Standard,Aerospace,1650.0,True,tantalum,False,titanium,False,blue
3019,133,breitling,False,Standard,Superocean,4150.0,False,ceramic,False,steel,False,blue
3020,134,breitling,False,Standard,Navitimer,4495.0,False,steel,False,steel,False,blue
3021,135,breitling,False,Standard,Bentley Motors,4200.0,True,steel,False,steel,False,black
3026,142,breitling,False,Automatic,Colt,2300.0,True,steel,False,steel,False,blue
3027,143,breitling,False,Standard,Avenger,2795.0,False,steel,False,steel,False,black
3033,151,breitling,False,Standard,Avenger,3380.0,True,steel,False,steel,False,blue
3037,155,breitling,False,GMT,Navitimer,4900.0,False,steel,False,steel,False,blue
3038,156,breitling,False,Standard,Super Avenger,8999.0,True,steel,False,steel,False,white
3044,163,breitling,False,Standard,Unknown/Other,6800.0,True,gold/steel,False,gold/steel,False,blue
3049,168,breitling,False,Standard,Chronomat Evolution,3499.0,True,steel,False,steel,False,silver
3050,169,breitling,False,Standard,Superocean Heritage II Chronograph,5195.0,True,ceramic,False,steel,False,blue
3053,172,breitling,False,Standard,Superocean Heritage II,3195.0,True,ceramic,False,steel,False,blue
3059,183,breitling,False,Standard,Super Avenger II,3499.0,True,steel,False,steel,False,silver
3064,204,breitling,False,Standard,Chronomat,5749.0,True,steel,False,steel,False,blue
3068,208,breitling,False,Skyland,Avenger,2495.0,False,steel,False,steel,False,grey
3069,212,breitling,False,Standard,Bentley Barnato,4640.0,False,steel,False,steel,False,black
3076,228,breitling,False,Standard,Chronomat Evolution,3499.0,True,steel,False,steel,False,black
3077,230,breitling,False,GMT,Bentley,6960.0,False,steel,False,steel,False,silver
3078,232,breitling,False,Standard,Bentley Motors,5500.0,False,steel,False,steel,False,bronze
3081,247,breitling,True,Standard,Navitimer,4153.0,False,steel,False,steel,False,black
3082,248,breitling,False,GMT,Colt,1750.0,False,steel,False,steel,False,grey
3085,252,breitling,False,Standard,Navitimer 1 B01 Chronograph,7695.0,False,steel,False,steel,False,silver
3086,253,breitling,False,Standard,Navitimer 1 B01 Chronograph,15400.0,True,rose gold,False,rose gold,False,silver
3087,257,breitling,False,Standard,Superocean,2799.0,True,steel,False,steel,False,black
3088,258,breitling,False,Standard,Navitimer,4000.0,True,steel,False,steel,False,blue
3090,267,breitling,False,Standard,Chronomat,3999.0,True,gold/steel,False,steel,False,blue
3091,268,breitling,False,Standard,Avenger,6100.0,False,ceramic,False,ceramic,False,black
3093,270,breitling,False,Standard,Navitimer,5000.0,True,gold,True,gold/steel,False,black
3097,274,breitling,False,Seawolf II,Avenger,2895.0,False,steel,False,steel,False,black
3099,276,breitling,False,Standard,Chronomat,8749.0,True,rose gold,False,steel,False,green
3103,281,breitling,False,Standard,Chronomat,5999.0,False,steel,False,steel,False,silver
3104,282,breitling,False,Avantage,Aerospace,2698.0,True,titanium,False,titanium,False,black
3105,283,breitling,False,Standard,Chronomat,11250.0,False,ceramic,False,gold/steel,False,green
3107,286,breitling,False,Standard,Unknown/Other,3000.0,True,gold/steel,False,gold/steel,False,white
3109,288,breitling,False,Cosmonaute,Navitimer,4190.0,True,steel,False,steel,False,black
3112,292,breitling,False,Standard,Navitimer,6395.0,True,steel,False,steel,False,blue
3113,293,breitling,False,GMT,Chronomat,5300.0,False,steel,False,steel,False,blue
3115,295,breitling,False,Standard,Navitimer,3795.0,False,steel,False,steel,False,silver
3116,296,breitling,False,Standard,Unknown/Other,2999.0,True,steel,False,steel,False,black
3120,302,breitling,False,Standard,B-2,2503.0,True,steel,False,steel,False,blue
3124,312,breitling,False,Steelfish,Superocean,3695.0,True,steel,False,steel,False,black
3125,313,breitling,False,Standard,Transocean Chronograph,4000.0,True,steel,False,steel,False,black
3127,315,breitling,False,GMT,Chronomat,3900.0,False,steel,False,steel,False,grey
3130,318,breitling,False,Standard,Navitimer 1 B01 Chronograph,7000.0,False,steel,False,steel,False,blue
3131,319,breitling,False,Standard,Navitimer 1 B01 Chronograph,5975.0,False,steel,False,steel,False,black
3134,322,breitling,False,Standard,Navitimer 1 B01 Chronograph,6900.0,True,steel,False,steel,False,blue
3136,324,breitling,False,Standard,Endurance Pro,2295.0,False,plastic,False,plastic,False,black
3137,325,breitling,False,Standard,Unknown/Other,900.0,False,gold/steel,False,gold/steel,False,grey
3138,326,breitling,False,Seawolf II,Avenger,2995.0,False,steel,False,steel,False,yellow
3139,327,breitling,False,Standard,Chronomat,2990.0,True,steel,False,steel,False,white
3141,330,breitling,False,Steelfish,Superocean,3200.0,True,steel,False,steel,False,white
3142,331,breitling,False,Standard,Superocean,3488.0,False,steel,False,steel,False,black
3143,332,breitling,False,Unitime B05,Bentley,6750.0,False,steel,False,steel,False,black
3144,333,breitling,False,Standard,Chronomat,4695.0,False,yellow gold,False,gold/steel,False,blue
3145,335,breitling,False,Standard,Navitimer 1 B01 Chronograph,6897.0,True,steel,False,steel,False,silver
3146,336,breitling,True,Quartz,Colt,1760.0,False,steel,False,steel,False,blue
3149,339,breitling,False,GMT,Chronomat,5300.0,False,steel,False,steel,False,green
3151,341,breitling,False,GMT,Chronomat,4395.0,False,steel,False,steel,False,black
3152,342,breitling,False,Standard,Chronomat,5395.0,False,steel,False,steel,False,green
3153,343,breitling,False,Standard,Chronomat,9000.0,True,platinum,False,steel,False,blue
3154,344,breitling,False,Standard,Chronomat,2990.0,True,gold/steel,False,gold/steel,False,blue
3159,349,breitling,False,Quartz,Colt,1495.0,False,steel,False,steel,False,mother of pearl
3160,350,breitling,False,Standard,Superocean Heritage Chronograph,5240.0,False,steel,False,steel,False,green
3161,351,breitling,False,Standard,Chronomat,3495.0,False,steel,False,steel,False,black
3163,353,breitling,False,Heritage,Superocean,3795.0,False,steel,False,steel,False,black
3164,354,breitling,False,Seawolf,Avenger,3795.0,False,titanium,False,titanium,False,black
3166,356,breitling,False,Standard,Unknown/Other,5400.0,False,steel,False,steel,False,black
3167,357,breitling,False,Standard,Chronomat,17010.0,False,rose gold,False,rose gold,False,blue
3171,361,breitling,False,Standard,Navitimer 1 B01 Chronograph,7995.0,False,steel,False,steel,False,silver
3172,362,breitling,False,Standard,Avenger,3800.0,False,steel,False,steel,False,blue
3173,363,breitling,False,Standard,Avenger,3850.0,False,steel,False,steel,False,black
3174,365,breitling,False,Heritage,Superocean,3975.0,True,ceramic,False,steel,False,blue
3175,366,breitling,False,Heritage,Superocean,5995.0,False,ceramic,False,gold/steel,False,black
3176,367,breitling,False,Standard,Chronomat,1390.0,True,gold/steel,False,gold/steel,False,black
3180,374,breitling,False,Standard,Unknown/Other,36300.0,True,yellow gold,False,yellow gold,False,black
3181,375,breitling,False,Standard,Superocean,2578.0,True,steel,False,steel,False,black
3184,379,breitling,False,Automatic,Colt,2235.0,False,steel,False,steel,False,black
3186,381,breitling,False,GMT,Colt,2500.0,True,steel,False,steel,False,grey
3187,383,breitling,False,Standard,Navitimer,4999.0,True,yellow gold,False,steel,False,white
3188,384,breitling,False,Standard,Navitimer 1 B01 Chronograph,7345.0,False,steel,False,steel,False,green
3190,386,breitling,True,GMT,Superocean,2905.0,False,steel,False,steel,False,black
3191,387,breitling,False,Unitime B05,Bentley,7295.0,False,steel,False,steel,False,black
3192,388,breitling,False,Standard,Superocean,2930.0,False,steel,False,steel,False,blue
3194,390,breitling,False,Standard,Avenger,4950.0,False,ceramic,False,ceramic,False,black
3197,393,breitling,False,Standard,Navitimer,4075.0,False,steel,False,steel,False,blue
3198,394,breitling,False,Standard,Unknown/Other,4499.0,False,steel,False,steel,False,black
3199,396,breitling,False,Standard,Unknown/Other,4525.0,False,steel,False,steel,False,green
3201,398,breitling,False,Standard,Unknown/Other,4900.0,False,steel,False,steel,False,black
3205,402,breitling,False,Standard,Navitimer,3695.0,True,steel,False,steel,False,silver
3206,403,breitling,False,Standard,Navitimer,5499.0,False,steel,False,steel,False,black
3207,404,breitling,False,Standard,Unknown/Other,4149.0,False,steel,False,steel,False,black
3208,406,breitling,False,Standard,Superocean,4925.0,False,ceramic,False,steel,False,blue
3209,408,breitling,False,Heritage,Superocean,3500.0,True,steel,False,steel,False,silver
3210,409,breitling,False,Standard,Chronomat Evolution,5500.0,False,gold/steel,False,gold/steel,False,bordeaux
3212,411,breitling,False,Standard,Navitimer,4190.0,True,steel,False,steel,False,white
3213,412,breitling,False,Standard,Chronomat,4795.0,False,steel,False,steel,False,blue
3215,415,breitling,False,GMT,Chronomat,4795.0,False,steel,False,steel,False,grey
3216,416,breitling,False,Standard,Navitimer,9200.0,False,steel,False,steel,False,black
3219,420,breitling,False,Standard,Navitimer,4390.0,True,steel,False,steel,False,black
3220,421,breitling,False,GMT,Chronomat,5995.0,False,steel,False,steel,False,grey
3221,422,breitling,False,Standard,Navitimer 1 B01 Chronograph,7150.0,True,steel,False,steel,False,green
3222,423,breitling,False,Standard,Navitimer 1 B01 Chronograph,7450.0,True,steel,False,steel,False,green
3223,424,breitling,False,Standard,Superocean Heritage II,3299.0,False,ceramic,False,steel,False,blue
3227,428,breitling,False,Standard,Avenger,3299.0,True,steel,False,steel,False,blue
3229,430,breitling,False,Standard,Unknown/Other,3495.0,True,steel,False,steel,False,blue
3233,434,breitling,False,Standard,Chronomat,3499.0,False,steel,False,steel,False,black
3237,439,breitling,False,Standard,Bentley Barnato,6995.0,False,steel,False,steel,False,black
3238,440,breitling,False,Standard,Navitimer,8990.0,True,yellow gold,False,yellow gold,False,silver
3240,442,breitling,False,Standard,Superocean,1999.0,True,steel,False,steel,False,black
3242,444,breitling,False,Steelfish,Superocean,3500.0,True,steel,False,steel,False,black
3243,445,breitling,False,Standard,Navitimer 1 B01 Chronograph,7215.0,False,steel,False,steel,False,black
3245,448,breitling,False,Standard,Navitimer 1 B01 Chronograph,7375.0,True,steel,False,steel,False,blue
3246,452,breitling,False,Standard,Navitimer 1 B01 Chronograph,7861.0,False,steel,False,steel,False,blue
3247,453,breitling,False,Standard,Superocean,2695.0,True,steel,False,steel,False,black
3250,456,breitling,False,Standard,Navitimer 1 B01 Chronograph,7314.0,True,steel,False,steel,False,black
3251,457,breitling,False,Standard,Unknown/Other,5999.0,True,steel,False,steel,False,white
3253,459,breitling,False,Standard,Superocean,3240.0,False,ceramic,False,steel,False,blue
3254,461,breitling,False,GMT B04,Bentley,5250.0,False,titanium,False,titanium,False,black
3255,463,breitling,False,Standard,Navitimer 1 B01 Chronograph,6899.0,False,steel,False,steel,False,black
3257,465,breitling,False,Standard,Chronomat,7250.0,True,yellow gold,False,steel,False,blue
3258,466,breitling,False,Standard,Unknown/Other,8000.0,True,gem-set,False,gold/steel,False,mother of pearl
3259,467,breitling,False,Standard,Superocean Heritage II Chronograph,6395.0,False,ceramic,False,steel,False,silver
3261,470,breitling,False,Standard,Super Avenger II,4695.0,False,steel,False,steel,False,blue
3262,471,breitling,False,Standard,Super Avenger II,8195.0,False,steel,False,steel,False,black
3264,473,breitling,False,GMT,Navitimer,4999.0,True,steel,False,steel,False,silver
3266,475,breitling,False,Standard,Chronomat,4400.0,False,steel,False,steel,False,black
3267,476,breitling,False,Standard,Super Avenger,3000.0,True,steel,False,steel,False,blue
3270,479,breitling,False,Standard,Avenger,6895.0,False,ceramic,False,ceramic,False,turquoise
3272,482,breitling,False,Standard,Chronomat,3500.0,False,steel,False,steel,False,black
3274,484,breitling,False,Standard,Superocean,2895.0,False,steel,False,steel,False,white
3275,485,breitling,False,Standard,Chronomat,4500.0,True,steel,False,gold/steel,False,white
3278,488,breitling,False,Standard,Avenger,3850.0,False,steel,False,steel,False,green
3279,489,breitling,False,Standard,Unknown/Other,5495.0,False,gold/steel,False,gold/steel,False,white
3280,490,breitling,False,Standard,Chronomat,8185.0,False,rose gold,False,gold/steel,False,blue
3281,491,breitling,False,Standard,Navitimer,4950.0,True,steel,False,steel,False,blue
3282,493,breitling,False,Standard,Unknown/Other,9950.0,False,titanium,False,titanium,False,black
3283,494,breitling,False,Standard,Superocean,4250.0,True,ceramic,False,steel,False,silver
3284,495,breitling,False,Standard,Superocean,4400.0,False,ceramic,False,steel,False,black
3285,496,breitling,False,Standard,Super Avenger,5900.0,True,steel,False,steel,False,black
3286,497,breitling,False,GMT B04,Bentley,7495.0,False,steel,False,steel,False,silver
3287,499,breitling,False,Standard,Avenger,4990.0,True,steel,False,steel,False,blue
3290,502,breitling,False,Standard,Bentley Motors,4995.0,False,steel,False,steel,False,silver
3291,503,breitling,False,Standard,Navitimer,4500.0,True,steel,False,steel,False,blue
3292,505,breitling,False,Chronograph II,Superocean,3595.0,True,steel,False,steel,False,black
3293,506,breitling,False,Standard,Super Avenger II,3995.0,False,steel,False,steel,False,black
3294,507,breitling,False,Skyland,Avenger,2695.0,False,steel,False,steel,False,black
3297,511,breitling,False,Standard,Superocean Heritage Chronograph,5295.0,False,ceramic,False,steel,False,blue
3298,512,breitling,False,Standard,Unknown/Other,4998.0,True,steel,False,steel,False,blue
3299,514,breitling,False,Standard,Avenger,2999.0,True,steel,False,steel,False,blue
3300,515,breitling,False,Standard,Bentley,5495.0,False,steel,False,steel,False,bronze
3301,516,breitling,False,Standard,Bentley Barnato,5495.0,True,steel,False,steel,False,silver
3302,517,breitling,False,Standard,Navitimer 1 B01 Chronograph,5695.0,True,steel,False,steel,False,black
3303,520,breitling,False,Standard,Superocean,3547.0,False,steel,False,steel,False,blue
3304,521,breitling,False,Standard,Navitimer 1 B01 Chronograph,6395.0,False,steel,False,steel,False,black
3307,525,breitling,False,Chronograph,Colt,2100.0,False,steel,False,steel,False,black
3309,528,breitling,False,Standard,Superocean Heritage II,37000.0,False,ceramic,False,steel,False,green
3311,531,breitling,False,Standard,Bentley Barnato,6695.0,False,steel,False,steel,False,silver
3313,533,breitling,False,Standard,Super Avenger II,3595.0,False,steel,False,steel,False,silver
3314,534,breitling,False,Standard,Chronomat Evolution,4295.0,False,steel,False,steel,False,grey
3315,536,breitling,False,Standard,Endurance Pro,2877.0,True,plastic,False,carbon,False,black
3318,539,breitling,False,Standard,Navitimer,4550.0,False,steel,False,steel,False,black
3319,540,breitling,False,Unitime B05,Bentley,24950.0,False,rose gold,False,rose gold,False,black
3321,542,breitling,False,Standard,Super Avenger,3995.0,False,steel,False,steel,False,black
3323,544,breitling,False,Standard,Navitimer 1 B01 Chronograph,18000.0,True,rose gold,False,rose gold,False,silver
3324,545,breitling,False,Standard,Chronomat Evolution,3750.0,True,steel,False,steel,False,blue
3325,546,breitling,False,Standard,Chronomat,5550.0,False,ceramic,False,steel,False,black
3326,548,breitling,False,Skyland,Avenger,3900.0,True,steel,False,steel,False,black
3327,549,breitling,False,Standard,Unknown/Other,7999.0,True,steel,False,steel,False,blue
3329,551,breitling,False,Standard,Superocean,3795.0,True,ceramic,False,steel,False,blue
3330,552,breitling,False,Standard,Unknown/Other,15000.0,True,titanium,False,titanium,False,yellow
3331,554,breitling,False,Standard,Chronomat,6495.0,False,rose gold,False,steel,False,silver
3332,555,breitling,False,Standard,Endurance Pro,2595.0,False,plastic,False,plastic,False,black
3333,556,breitling,False,Standard,Navitimer 1 B01 Chronograph,5909.0,True,steel,False,steel,False,black
3334,557,breitling,False,Standard,Navitimer,4499.0,False,steel,False,steel,False,blue
3337,562,breitling,False,Standard,Unknown/Other,5095.0,True,steel,False,steel,False,white
3338,563,breitling,False,Standard,Unknown/Other,7493.0,False,steel,False,steel,False,black
3339,564,breitling,False,Standard,Chronomat,4995.0,True,steel,False,steel,False,blue
3343,569,breitling,False,Standard,Unknown/Other,4500.0,True,steel,False,steel,False,white
3344,570,breitling,False,Standard,Chronomat,12849.0,True,ceramic,False,gold/steel,False,blue
3345,572,breitling,False,Standard,Bentley,4995.0,False,steel,False,steel,False,bronze
3346,573,breitling,False,Standard,Superocean,4125.0,False,ceramic,False,steel,False,blue
3347,574,breitling,False,Standard,Unknown/Other,3995.0,False,gold/steel,False,gold/steel,False,blue
3348,575,breitling,False,Chronograph II,Superocean,3300.0,False,steel,False,steel,False,black
3350,578,breitling,False,Standard,Bentley Barnato,7295.0,False,steel,False,steel,False,silver
3352,580,breitling,False,Standard,Unknown/Other,4800.0,False,steel,False,steel,False,white
3353,581,breitling,True,Standard,Unknown/Other,12472.0,False,titanium,False,titanium,False,black
3354,582,breitling,False,Standard,Chronomat,8550.0,True,gem-set,False,steel,False,green
3355,583,breitling,False,GMT,Chronomat,4995.0,True,steel,False,steel,False,green
3358,586,breitling,False,Standard,Avenger,3900.0,True,steel,False,steel,False,blue
3359,587,breitling,True,Standard,Superocean Heritage II,4985.0,False,gold/steel,False,gold/steel,False,black
3361,589,breitling,False,Standard,Unknown/Other,27500.0,True,titanium,False,titanium,False,grey
3363,592,breitling,False,Standard,Navitimer 1 B01 Chronograph,8589.0,False,steel,False,steel,False,blue
3364,593,breitling,False,Standard,Superocean,2695.0,True,steel,False,steel,False,black
3365,594,breitling,False,Standard,Superocean,2500.0,True,steel,False,steel,False,black
3366,595,breitling,False,Standard,Unknown/Other,7700.0,False,steel,False,steel,False,green
3367,597,breitling,False,Standard,Unknown/Other,7000.0,True,steel,False,steel,False,blue
3369,600,breitling,False,Standard,Navitimer 1 B01 Chronograph,6600.0,False,steel,False,steel,False,black
3370,601,breitling,False,Standard,Navitimer 1 B01 Chronograph,7890.0,True,steel,False,steel,False,silver
3371,603,breitling,False,Standard,Superocean Heritage II Chronograph,5499.0,True,ceramic,False,steel,False,blue
3372,604,breitling,False,Standard,Avenger,6499.0,False,ceramic,False,ceramic,False,black
3373,605,breitling,False,Standard,Bentley,5395.0,False,steel,False,steel,False,grey
3374,606,breitling,False,Standard,Chronomat,6472.0,False,steel,False,steel,False,black
3375,607,breitling,False,Standard,Unknown/Other,7800.0,True,steel,False,steel,False,green
3376,609,breitling,False,Standard,Chronomat,6899.0,False,steel,False,steel,False,green
3378,611,breitling,False,Standard,Bentley,5795.0,False,steel,False,steel,False,black
3380,613,breitling,False,Standard,Chronomat,9425.0,False,ceramic,False,gold/steel,False,green
3381,615,breitling,False,Standard,Navitimer 1 B01 Chronograph,7800.0,True,steel,False,steel,False,silver
3382,616,breitling,False,Standard,Bentley,5795.0,False,steel,False,steel,False,black
3384,618,breitling,False,Standard,Unknown/Other,5295.0,True,steel,False,steel,False,silver
3385,619,breitling,False,World,Navitimer,4890.0,False,steel,False,steel,False,black
3387,622,breitling,False,GMT,Bentley,6695.0,False,steel,False,steel,False,blue
3389,624,breitling,False,Heritage,Superocean,5195.0,False,rose gold,False,gold/steel,False,brown
3391,627,breitling,False,Standard,Navitimer,10295.0,False,rose gold,False,rose gold,False,mother of pearl
3393,629,breitling,False,Standard,Navitimer,4395.0,False,steel,False,steel,False,blue
3397,634,breitling,False,Cosmonaute,Navitimer,15000.0,False,steel,False,steel,False,black
3401,639,breitling,False,Standard,Navitimer 1 B01 Chronograph,6005.0,False,steel,False,steel,False,silver
3405,643,breitling,False,Standard,Unknown/Other,4350.0,True,steel,False,steel,False,blue
3406,647,breitling,False,Standard,Chronomat,6395.0,False,gold/steel,False,gold/steel,False,silver
3408,653,breitling,False,Standard,Navitimer,8499.0,True,rose gold,False,gold/steel,False,mother of pearl
3410,655,breitling,False,Standard,Superocean,3990.0,True,ceramic,False,steel,False,black
3412,658,breitling,False,Standard,Superocean Heritage Chronograph,3540.0,False,steel,False,steel,False,blue
3414,660,breitling,False,Standard,Avenger,4499.0,False,steel,False,steel,False,green
3416,663,breitling,False,Standard,Navitimer 1 B01 Chronograph,19759.0,True,rose gold,False,rose gold,False,silver
3418,666,breitling,False,Chronograph,Colt,2500.0,True,steel,False,steel,False,black
3419,667,breitling,False,Standard,Superocean Heritage II,3125.0,False,ceramic,False,steel,False,blue
3421,669,breitling,False,Standard,Navitimer,7650.0,False,steel,False,steel,False,black
3423,674,breitling,False,Standard,Superocean Heritage II,36500.0,False,ceramic,False,steel,False,green
3426,684,breitling,False,Standard,Avenger,4750.0,False,steel,False,steel,False,green
3427,685,breitling,False,Standard,Chronomat,2000.0,True,gold/steel,False,gold/steel,False,black
3428,687,breitling,True,Standard,Navitimer 1 B01 Chronograph,6233.0,False,steel,False,steel,False,black
3429,688,breitling,False,Standard,Chronomat,2890.0,True,gold/steel,False,gold/steel,False,blue
3430,689,breitling,False,Standard,Unknown/Other,4999.0,True,steel,False,steel,False,blue
3439,699,breitling,False,Standard,Avenger,4295.0,True,steel,False,steel,False,black
3440,700,breitling,False,Standard,Superocean Heritage Chronograph,2845.0,False,steel,False,steel,False,black
3441,701,breitling,False,Standard,Unknown/Other,4200.0,True,steel,False,steel,False,black
3442,702,breitling,False,Standard,Avenger,4499.0,False,steel,False,steel,False,blue
3445,708,breitling,True,Standard,Navitimer,4153.0,False,steel,False,steel,False,green
3446,709,breitling,False,Automatic,Colt,3000.0,True,steel,False,steel,False,black
3452,716,breitling,False,Unitime,Transocean Chronograph,7113.0,True,steel,False,steel,False,black
3453,717,breitling,False,Standard,Superocean,4495.0,True,ceramic,False,titanium,False,green
3461,726,breitling,False,Standard,Super Avenger,3495.0,False,steel,False,steel,False,black
3463,729,breitling,False,Standard,Bentley,7999.0,True,steel,False,steel,False,brown
3464,730,breitling,False,Standard,Unknown/Other,1899.0,False,steel,False,steel,False,brown
3465,731,breitling,False,Standard,Navitimer,13500.0,False,rose gold,False,rose gold,False,black
3466,732,breitling,False,Standard,Avenger,6425.0,False,ceramic,False,ceramic,False,black
3467,733,breitling,False,Standard,Chronomat,9400.0,True,titanium,False,titanium,False,grey
3468,735,breitling,False,Standard,Unknown/Other,9790.0,False,steel,False,steel,False,green
3469,736,breitling,False,Standard,Chronomat,7290.0,False,steel,False,steel,False,black
3470,738,breitling,False,Standard,Navitimer,59995.0,True,rose gold,False,rose gold,False,brown
3472,745,breitling,False,Standard,Navitimer 1 B01 Chronograph,7073.0,True,steel,False,steel,False,silver
3480,764,breitling,False,Standard,Superocean,4500.0,True,ceramic,False,steel,False,black
3481,765,breitling,False,Standard,Chronomat Evolution,9999.0,False,steel,False,steel,False,black
3483,768,breitling,False,Standard,Unknown/Other,3095.0,True,gold/steel,False,gold/steel,False,green
3486,772,breitling,False,Standard,Superocean Heritage II,5000.0,False,ceramic,False,steel,False,black
3488,774,breitling,True,Heritage,Superocean,8313.0,False,rose gold,False,gold/steel,False,black
3489,775,breitling,False,Standard,Navitimer,4499.0,False,silver,False,steel,False,black
3493,780,breitling,False,Standard,Unknown/Other,5295.0,False,steel,False,steel,False,green
3494,781,breitling,False,GMT,Chronomat,4975.0,False,steel,False,steel,False,blue
3496,784,breitling,False,Heritage,Superocean,5250.0,False,rose gold,False,steel,False,black
3500,788,breitling,False,Standard,Chronomat,5500.0,True,steel,False,steel,False,green
3503,792,breitling,False,Standard,Superocean,4540.0,False,ceramic,False,steel,False,blue
3506,796,breitling,False,Standard,Avenger,3395.0,False,steel,False,steel,False,black
3507,798,breitling,False,Old,Navitimer,4995.0,False,steel,False,steel,False,silver
3513,806,breitling,False,Standard,Avenger,4250.0,False,steel,False,steel,False,black
3515,809,breitling,False,Standard,Avenger,4500.0,True,steel,False,steel,False,blue
3518,813,breitling,False,Standard,Avenger,4200.0,False,steel,False,steel,False,blue
3520,815,breitling,False,Standard,Unknown/Other,7861.0,True,steel,False,steel,False,green
3522,0,audemars piguet,False,Standard,Royal Oak,32995.0,False,steel,False,steel,False,black
3524,2,audemars piguet,False,Standard,Royal Oak Jumbo,65000.0,True,steel,False,steel,False,blue
3529,7,audemars piguet,False,Automatic,Royal Oak,39999.0,True,steel,False,steel,False,grey
3531,9,audemars piguet,False,Automatic,Royal Oak,39900.0,True,steel,False,steel,False,grey
3533,11,audemars piguet,False,Automatic,Royal Oak,78600.0,True,ceramic,False,ceramic,False,silver
3535,13,audemars piguet,False,Dual Time,Royal Oak,54950.0,True,rose gold,False,rose gold,False,white
3539,17,audemars piguet,False,Chronograph,Royal Oak Offshore,49500.0,True,ceramic,False,steel,False,black
3540,18,audemars piguet,False,Automatic,Royal Oak,35950.0,True,steel,False,steel,False,silver
3541,19,audemars piguet,False,Perpetual Calendar,Royal Oak,231500.0,False,ceramic,False,ceramic,False,grey
3542,20,audemars piguet,False,Standard,Unknown/Other,7295.0,True,rose gold,False,rose gold,False,silver
3543,21,audemars piguet,False,Chronograph,Royal Oak,75000.0,False,rose gold,False,rose gold,False,black
3544,22,audemars piguet,False,Double Balance Wheel Openworked,Royal Oak,165000.0,True,steel,False,steel,False,skeletonized
3545,23,audemars piguet,False,Chronograph,Royal Oak Offshore,40000.0,False,ceramic,False,titanium,False,grey
3546,24,audemars piguet,False,Standard,Millenary,15959.0,True,steel,False,steel,False,skeletonized
3549,27,audemars piguet,False,Chronograph,Royal Oak,47900.0,True,steel,False,steel,False,black
3550,28,audemars piguet,False,Chronograph,Royal Oak,78300.0,False,steel,False,steel,False,blue
3554,32,audemars piguet,False,Automatic,Royal Oak,36549.0,False,rose gold,False,rose gold,False,black
3555,33,audemars piguet,False,Automatic,Royal Oak,71800.0,True,yellow gold,False,yellow gold,False,silver
3557,35,audemars piguet,False,Standard,Royal Oak,195000.0,True,platinum,False,platinum,False,black
3559,37,audemars piguet,False,Automatic,Royal Oak,36850.0,True,rose gold,False,rose gold,False,silver
3560,38,audemars piguet,False,Chronograph,Royal Oak,35000.0,True,steel,False,steel,False,blue
3561,39,audemars piguet,False,Chronograph,Royal Oak Offshore,19500.0,False,ceramic,False,steel,False,white
3563,41,audemars piguet,False,Automatic,Royal Oak,114800.0,True,rose gold,False,rose gold,False,pink
3564,42,audemars piguet,False,Automatic,Royal Oak,52000.0,True,steel,False,steel,False,blue
3565,43,audemars piguet,False,Standard,Royal Oak,65000.0,False,steel,False,steel,False,blue
3566,44,audemars piguet,False,Chronograph,Royal Oak,45999.0,False,rose gold,False,rose gold,False,black
3567,45,audemars piguet,False,Standard,Royal Oak Jumbo,87750.0,False,steel,False,steel,False,blue
3568,46,audemars piguet,False,Chronograph,Royal Oak,41999.0,False,steel,False,steel,False,blue
3569,47,audemars piguet,False,Automatic,Royal Oak,67000.0,True,steel,False,steel,False,blue
3570,48,audemars piguet,False,Chronograph,Royal Oak,48000.0,False,steel,False,steel,False,blue
3571,49,audemars piguet,False,Perpetual Calendar,Royal Oak,325000.0,False,ceramic,False,ceramic,False,blue
3574,52,audemars piguet,False,Chronograph,Royal Oak,56995.0,False,steel,False,steel,False,black
3575,53,audemars piguet,False,Standard,Unknown/Other,95000.0,True,white gold,False,white gold,False,blue
3576,54,audemars piguet,True,Chronograph,Royal Oak,28073.0,False,steel,False,steel,False,white
3577,55,audemars piguet,False,Standard,Unknown/Other,17800.0,True,yellow gold,False,yellow gold,False,gold
3578,56,audemars piguet,False,Automatic,Royal Oak,38900.0,True,steel,False,steel,False,black
3579,57,audemars piguet,False,Chronograph,Royal Oak Offshore,21000.0,False,steel,False,steel,False,grey
3580,58,audemars piguet,False,Chronograph,Royal Oak,42250.0,False,steel,False,steel,False,white
3581,59,audemars piguet,False,Chronograph,Royal Oak,50000.0,True,steel,False,steel,False,silver
3582,60,audemars piguet,False,Standard,Unknown/Other,16900.0,False,white gold,False,white gold,False,blue
3583,61,audemars piguet,False,Chronograph,Royal Oak Offshore,32991.0,False,ceramic,False,steel,False,brown
3584,62,audemars piguet,False,Standard,Royal Oak,49950.0,False,steel,False,steel,False,blue
3587,65,audemars piguet,False,Automatic,Royal Oak,60000.0,False,steel,False,steel,False,grey
3590,68,audemars piguet,False,Chronograph,Royal Oak Offshore,18697.0,False,steel,False,steel,False,brown
3591,69,audemars piguet,False,Standard,Royal Oak,48500.0,False,steel,False,steel,False,black
3592,70,audemars piguet,False,Chronograph,Royal Oak Offshore,17999.0,False,steel,False,steel,False,silver
3593,71,audemars piguet,False,Chronograph,Royal Oak,102800.0,True,rose gold,False,rose gold,False,silver
3594,72,audemars piguet,False,Chronograph,Royal Oak Offshore,16750.0,True,steel,False,steel,False,white
3595,73,audemars piguet,False,Standard,Royal Oak,34999.0,False,yellow gold,False,yellow gold,False,grey
3597,75,audemars piguet,False,Chronograph,Royal Oak Offshore,22199.0,False,steel,False,steel,False,black
3598,76,audemars piguet,False,Chronograph,Royal Oak Offshore,20500.0,False,steel,False,steel,False,black
3599,78,audemars piguet,False,Standard,Code 11.59,28649.0,True,rose gold,False,rose gold,False,blue
3600,79,audemars piguet,False,Double Balance Wheel Openworked,Royal Oak,126247.0,False,steel,False,gold/steel,False,skeletonized
3601,80,audemars piguet,True,Chronograph,Royal Oak,36393.0,False,steel,False,steel,False,black
3602,81,audemars piguet,False,Lady,Royal Oak,19450.0,False,gem-set,False,steel,False,white
3603,82,audemars piguet,False,Standard,Royal Oak,29980.0,False,yellow gold,False,yellow gold,False,champagne
3604,83,audemars piguet,False,Chronograph,Royal Oak,48500.0,True,steel,False,steel,False,blue
3606,85,audemars piguet,False,Chronograph,Royal Oak Offshore,42040.0,False,steel,False,steel,False,blue
3607,86,audemars piguet,False,Standard,Royal Oak Offshore,23299.0,False,steel,False,steel,False,brown
3608,87,audemars piguet,False,Double Balance Wheel Openworked,Royal Oak,189000.0,False,white gold,False,white gold,False,skeletonized
3611,90,audemars piguet,False,Diver,Royal Oak Offshore,18970.0,True,steel,False,steel,False,black
3612,91,audemars piguet,False,Automatic,Royal Oak,38599.0,False,steel,False,steel,False,black
3615,94,audemars piguet,False,Double Balance Wheel Openworked,Royal Oak,218800.0,False,yellow gold,False,yellow gold,False,skeletonized
3617,96,audemars piguet,False,Standard,Royal Oak Jumbo,66850.0,False,steel,False,steel,False,blue
3618,97,audemars piguet,False,Concept,Royal Oak,239500.0,False,titanium,False,titanium,False,skeletonized
3620,99,audemars piguet,False,Chronograph,Royal Oak,42790.0,True,steel,False,steel,False,white
3621,100,audemars piguet,False,Chronograph,Royal Oak Offshore,28950.0,False,ceramic,False,ceramic,False,black
3622,101,audemars piguet,False,Chronograph,Royal Oak,95500.0,True,rose gold,False,rose gold,False,blue
3624,103,audemars piguet,False,Lady,Royal Oak Offshore,26700.0,False,steel,False,steel,False,purple
3625,104,audemars piguet,False,Chronograph,Royal Oak,62250.0,True,steel,False,steel,False,green
3626,105,audemars piguet,False,Automatic,Royal Oak,45000.0,False,steel,False,steel,False,silver
3628,107,audemars piguet,False,Standard,Code 11.59,40000.0,True,rose gold,False,rose gold,False,purple
3629,108,audemars piguet,False,Mini,Royal Oak,102300.0,False,yellow gold,False,yellow gold,False,gold
3630,109,audemars piguet,False,Standard,Royal Oak,61500.0,True,steel,False,steel,False,green
3632,111,audemars piguet,False,Chronograph,Royal Oak,59997.0,True,steel,False,steel,False,blue
3633,112,audemars piguet,False,Chronograph,Royal Oak Offshore,30800.0,False,ceramic,False,steel,False,champagne
3635,114,audemars piguet,False,Chronograph,Royal Oak Offshore,55000.0,True,rose gold,False,rose gold,False,gold
3636,115,audemars piguet,False,Standard,Royal Oak Offshore,29975.0,False,ceramic,False,ceramic,False,black
3637,116,audemars piguet,False,Chronograph,Royal Oak,38500.0,False,steel,False,steel,False,black
3638,117,audemars piguet,False,Mini,Royal Oak,98900.0,False,white gold,False,white gold,False,grey
3639,118,audemars piguet,False,Standard,Royal Oak,36000.0,True,yellow gold,False,yellow gold,False,champagne
3640,121,audemars piguet,False,Double Balance Wheel Openworked,Royal Oak,149500.0,False,steel,False,steel,False,skeletonized
3641,123,audemars piguet,False,Standard,Royal Oak Jumbo,88800.0,False,steel,False,steel,False,blue
3642,124,audemars piguet,False,Automatic,Royal Oak,36999.0,False,steel,False,steel,False,black
3646,131,audemars piguet,False,Standard,Royal Oak Jumbo,68000.0,False,steel,False,steel,False,blue
3647,132,audemars piguet,False,Chronograph,Royal Oak Offshore,26749.0,True,ceramic,False,steel,False,black
3648,133,audemars piguet,True,Automatic,Royal Oak,32232.0,False,steel,False,steel,False,white
3649,134,audemars piguet,False,Chronograph,Royal Oak Offshore,36845.0,True,rose gold,False,rose gold,False,champagne
3652,137,audemars piguet,False,Automatic,Royal Oak,55000.0,True,steel,False,steel,False,blue
3653,138,audemars piguet,False,Automatic,Royal Oak,115748.0,True,rose gold,False,rose gold,False,blue
3654,139,audemars piguet,False,Chronograph,Royal Oak,79599.0,True,rose gold,False,rose gold,False,black
3655,141,audemars piguet,False,Chronograph,Royal Oak Offshore,36749.0,True,ceramic,False,titanium,False,grey
3656,142,audemars piguet,True,Chronograph,Royal Oak,28593.0,False,steel,False,steel,False,white
3658,144,audemars piguet,False,Standard,Royal Oak,45000.0,True,yellow gold,False,yellow gold,False,white
3659,145,audemars piguet,False,Tourbillon,Royal Oak,135000.0,False,steel,False,steel,False,blue
3660,146,audemars piguet,False,Automatic,Royal Oak,44000.0,False,rose gold,False,rose gold,False,black
3661,147,audemars piguet,False,Lady,Royal Oak,9585.0,False,yellow gold,False,steel,False,grey
3664,150,audemars piguet,False,Chronograph,Royal Oak Offshore,16800.0,False,steel,False,steel,False,black
3666,152,audemars piguet,False,Standard,Royal Oak,50250.0,False,rose gold,False,rose gold,False,black
3667,153,audemars piguet,False,Standard,Royal Oak,49500.0,False,steel,False,steel,False,blue
3668,154,audemars piguet,False,Chronograph,Royal Oak,126400.0,False,ceramic,False,ceramic,False,black
3669,155,audemars piguet,False,Chronograph,Royal Oak Offshore,51800.0,True,steel,False,steel,False,brown
3670,156,audemars piguet,False,Chronograph,Royal Oak,27950.0,True,rose gold,False,rose gold,False,gold
3671,157,audemars piguet,False,Perpetual Calendar,Royal Oak,105950.0,False,steel,False,steel,False,blue
3672,158,audemars piguet,False,Day-Date,Royal Oak,39500.0,False,steel,False,steel,False,black
3673,159,audemars piguet,False,Chronograph,Royal Oak Offshore,34749.0,True,rose gold,False,gold/steel,False,blue
3678,164,audemars piguet,False,Automatic,Royal Oak,73450.0,False,rose gold,False,rose gold,False,black
3679,165,audemars piguet,False,Chronograph,Royal Oak,89950.0,False,rose gold,False,rose gold,False,blue
3680,166,audemars piguet,False,Chronograph,Royal Oak Offshore,20799.0,False,ceramic,False,ceramic,False,black
3681,167,audemars piguet,False,Lady,Royal Oak Offshore,81700.0,True,rose gold,False,rose gold,False,blue
3682,168,audemars piguet,False,Standard,Royal Oak Jumbo,86850.0,False,steel,False,steel,False,blue
3684,170,audemars piguet,False,Chronograph,Royal Oak,120000.0,False,carbon,False,ceramic,False,black
3685,171,audemars piguet,False,Standard,Royal Oak,98900.0,False,rose gold,False,rose gold,False,black
3686,172,audemars piguet,False,Standard,Royal Oak,43800.0,True,steel,False,steel,False,grey
3688,175,audemars piguet,False,Standard,Royal Oak Jumbo,179000.0,False,platinum,False,platinum,False,green
3689,176,audemars piguet,False,Standard,Royal Oak Jumbo,239000.0,False,steel,False,steel,False,skeletonized
3691,178,audemars piguet,True,Chronograph,Royal Oak Offshore,20065.0,False,ceramic,False,carbon,False,black
3692,179,audemars piguet,False,Standard,Code 11.59,40000.0,True,white gold,False,rose gold,False,grey
3694,181,audemars piguet,False,Standard,Code 11.59,21949.0,True,steel,False,steel,False,grey
3695,182,audemars piguet,False,Chronograph,Royal Oak Offshore,21540.0,False,steel,False,steel,False,grey
3696,183,audemars piguet,False,Automatic,Royal Oak,41425.0,True,steel,False,steel,False,grey
3697,184,audemars piguet,False,Standard,Royal Oak,41495.0,False,steel,False,steel,False,grey
3698,185,audemars piguet,False,Automatic,Royal Oak,86000.0,True,rose gold,False,rose gold,False,blue
3700,187,audemars piguet,False,Chronograph,Royal Oak Offshore,23747.0,False,steel,False,steel,False,black
3701,188,audemars piguet,False,Standard,Code 11.59,24295.0,False,rose gold,False,rose gold,False,blue
3702,189,audemars piguet,False,Lady,Royal Oak,44199.0,False,steel,False,steel,False,blue
3703,190,audemars piguet,False,Diver,Royal Oak Offshore,18399.0,True,steel,False,steel,False,black
3704,191,audemars piguet,False,Chronograph,Royal Oak,37499.0,False,steel,False,steel,False,silver
3706,195,audemars piguet,False,Chronograph,Royal Oak Offshore,20395.0,False,steel,False,steel,False,orange
3708,197,audemars piguet,False,Diver,Royal Oak Offshore,25390.0,False,steel,False,steel,False,black
3709,198,audemars piguet,False,Chronograph,Royal Oak Offshore,45995.0,False,steel,False,steel,False,blue
3710,199,audemars piguet,False,Diver,Royal Oak Offshore,24000.0,False,steel,False,steel,False,black
3712,203,audemars piguet,False,Chronograph,Royal Oak Offshore,45475.0,True,steel,False,steel,False,blue
3713,204,audemars piguet,False,Chronograph,Royal Oak Offshore,19900.0,False,steel,False,steel,False,black
3714,205,audemars piguet,False,Chronograph,Royal Oak Offshore,23995.0,True,steel,False,steel,False,brown
3715,206,audemars piguet,False,Chronograph,Royal Oak,89712.0,False,rose gold,False,rose gold,False,white
3719,210,audemars piguet,False,Chronograph,Royal Oak Offshore,33000.0,False,steel,False,steel,False,blue
3722,213,audemars piguet,False,Standard,Royal Oak,15970.0,False,steel,False,steel,False,black
3723,214,audemars piguet,False,Lady,Royal Oak Offshore,19995.0,False,steel,False,steel,False,black
3724,216,audemars piguet,False,Standard,Royal Oak Jumbo,82500.0,True,steel,False,steel,False,blue
3725,217,audemars piguet,False,Tourbillon,Royal Oak,175000.0,False,titanium,False,titanium,False,blue
3726,218,audemars piguet,False,Chronograph,Royal Oak Offshore,37999.0,False,ceramic,False,ceramic,False,green
3729,221,audemars piguet,False,Mini,Royal Oak,91800.0,True,yellow gold,False,yellow gold,False,gold
3730,222,audemars piguet,False,Standard,Code 11.59,21249.0,True,steel,False,steel,False,blue
3731,223,audemars piguet,False,Mini,Royal Oak,98000.0,False,yellow gold,False,yellow gold,False,gold
3732,224,audemars piguet,False,Chronograph,Royal Oak Offshore,24500.0,False,ceramic,False,steel,False,champagne
3733,225,audemars piguet,False,Chronograph,Royal Oak Offshore,21500.0,False,steel,False,steel,False,white
3735,227,audemars piguet,False,Standard,Code 11.59,35000.0,False,rose gold,False,rose gold,False,blue
3736,228,audemars piguet,False,Automatic,Royal Oak,103500.0,False,rose gold,False,rose gold,False,blue
3739,231,audemars piguet,False,Standard,Royal Oak,42875.0,True,steel,False,steel,False,silver
3740,232,audemars piguet,False,Chronograph,Royal Oak Offshore,32595.0,True,titanium,False,titanium,False,grey
3743,240,audemars piguet,False,Standard,Code 11.59,36500.0,False,white gold,False,ceramic,False,grey
3744,244,audemars piguet,False,Standard,Royal Oak,8999.0,False,steel,False,steel,False,silver
3745,246,audemars piguet,False,Automatic,Royal Oak,53500.0,True,rose gold,False,gold/steel,False,silver
3747,254,audemars piguet,False,Standard,Royal Oak,44800.0,True,steel,False,steel,False,black
3749,260,audemars piguet,False,Chronograph,Royal Oak,36000.0,False,steel,False,steel,False,silver
3750,264,audemars piguet,False,Standard,Royal Oak,47500.0,True,steel,False,steel,False,white
3752,270,audemars piguet,False,Standard,Royal Oak,49600.0,False,steel,False,steel,False,white
3753,272,audemars piguet,False,Chronograph,Royal Oak Offshore,28500.0,True,ceramic,False,ceramic,False,grey
3754,274,audemars piguet,False,Standard,Royal Oak,78950.0,False,rose gold,False,rose gold,False,black
3755,278,audemars piguet,False,Chronograph,Royal Oak Offshore,36500.0,True,ceramic,False,steel,False,brown
3756,282,audemars piguet,False,Chronograph,Royal Oak,52300.0,True,steel,False,steel,False,silver
3757,287,audemars piguet,False,Chronograph,Royal Oak,215850.0,True,yellow gold,False,yellow gold,False,green
3761,300,audemars piguet,False,Lady,Royal Oak Offshore,90000.0,False,rose gold,False,rose gold,False,blue
3762,302,audemars piguet,True,Chronograph,Royal Oak Offshore,25993.0,False,ceramic,False,titanium,False,grey
3765,311,audemars piguet,True,Automatic,Royal Oak,34312.0,False,steel,False,steel,False,black
3767,314,audemars piguet,False,Standard,Royal Oak,48170.0,False,steel,False,steel,False,blue
3768,315,audemars piguet,False,Standard,Code 11.59,30250.0,False,white gold,False,white gold,False,blue
3770,324,audemars piguet,False,Automatic,Royal Oak,103500.0,True,rose gold,False,rose gold,False,silver
3771,325,audemars piguet,False,Automatic,Royal Oak,39495.0,False,steel,False,steel,False,white
3773,329,audemars piguet,True,Chronograph,Royal Oak Offshore,19753.0,False,steel,False,steel,False,blue
3775,334,audemars piguet,False,Standard,Royal Oak Offshore,22497.0,False,ceramic,False,ceramic,False,black
3776,335,audemars piguet,False,Chronograph,Royal Oak Offshore,22500.0,False,steel,False,steel,False,grey
3777,336,audemars piguet,False,Double Balance Wheel Openworked,Royal Oak,186300.0,True,white gold,False,white gold,False,skeletonized
3778,337,audemars piguet,False,Diver,Royal Oak Offshore,27495.0,True,steel,False,steel,False,grey
3779,338,audemars piguet,False,Chronograph,Royal Oak,74950.0,False,rose gold,False,rose gold,False,silver
3780,339,audemars piguet,False,Chronograph,Royal Oak Offshore,22000.0,True,ceramic,False,titanium,False,grey
3781,340,audemars piguet,False,Diver,Royal Oak Offshore,38999.0,False,titanium,False,rose gold,False,grey
3782,341,audemars piguet,False,Standard,Code 11.59,27849.0,True,steel,False,steel,False,blue
3783,342,audemars piguet,False,Lady,Royal Oak,52700.0,True,rose gold,False,gold/steel,False,silver
3784,343,audemars piguet,False,Thin,Royal Oak Jumbo,87000.0,True,steel,False,steel,False,blue
3785,344,audemars piguet,False,Standard,Royal Oak Jumbo,87980.0,False,steel,False,steel,False,blue
3787,346,audemars piguet,False,Standard,Royal Oak,41699.0,False,steel,False,steel,False,grey
3788,347,audemars piguet,True,Dual Time,Royal Oak,27033.0,False,steel,False,steel,False,black
3789,348,audemars piguet,False,Perpetual Calendar,Royal Oak,135950.0,False,platinum,False,steel,False,black
3790,349,audemars piguet,False,Diver,Royal Oak Offshore,27900.0,True,steel,False,steel,False,green
3791,350,audemars piguet,False,Chronograph,Royal Oak Offshore,37549.0,True,rose gold,False,rose gold,False,grey
3792,351,audemars piguet,False,Chronograph,Royal Oak,84800.0,True,platinum,False,titanium,False,grey
3793,352,audemars piguet,False,Chronograph,Royal Oak Offshore,60450.0,False,rose gold,False,rose gold,False,white
3794,353,audemars piguet,False,Standard,Code 11.59,29997.0,True,steel,False,steel,False,brown
3795,354,audemars piguet,False,Automatic,Royal Oak,73600.0,True,rose gold,False,rose gold,False,blue
3796,355,audemars piguet,False,Automatic,Royal Oak,38962.0,False,steel,False,steel,False,grey
3797,356,audemars piguet,False,Automatic,Royal Oak,38512.0,True,steel,False,steel,False,grey
3799,359,audemars piguet,False,Automatic,Royal Oak,36997.0,False,steel,False,steel,False,silver
3800,360,audemars piguet,False,Automatic,Royal Oak,45000.0,False,steel,False,steel,False,grey
3801,361,audemars piguet,False,Automatic,Royal Oak,40290.0,False,steel,False,steel,False,grey
3802,363,audemars piguet,False,Automatic,Royal Oak,40250.0,False,steel,False,steel,False,silver
3803,365,audemars piguet,False,Automatic,Royal Oak,39900.0,False,steel,False,steel,False,silver
3804,366,audemars piguet,False,Automatic,Royal Oak,36189.0,True,steel,False,steel,False,grey
3805,367,audemars piguet,False,Automatic,Royal Oak,59595.0,False,steel,False,steel,False,blue
3806,368,audemars piguet,True,Automatic,Royal Oak,32232.0,False,steel,False,steel,False,white
3807,369,audemars piguet,False,Chronograph,Royal Oak,94995.0,False,rose gold,False,rose gold,False,blue
3808,370,audemars piguet,False,Standard,Code 11.59,60000.0,False,rose gold,False,rose gold,False,blue
3809,371,audemars piguet,False,Standard,Code 11.59,33375.0,False,rose gold,False,rose gold,False,blue
3811,373,audemars piguet,False,Chronograph,Royal Oak Offshore,28850.0,False,ceramic,False,titanium,False,grey
3812,374,audemars piguet,False,Automatic,Royal Oak,56499.0,False,steel,False,steel,False,blue
3813,375,audemars piguet,False,Chronograph,Royal Oak Offshore,19499.0,False,ceramic,False,steel,False,silver
3814,376,audemars piguet,False,Chronograph,Royal Oak Offshore,41475.0,True,titanium,False,titanium,False,grey
3815,377,audemars piguet,False,Chronograph,Royal Oak Offshore,26550.0,True,ceramic,False,steel,False,black
3816,378,audemars piguet,False,Chronograph,Royal Oak Offshore,38000.0,False,ceramic,False,steel,False,black
3817,379,audemars piguet,False,Chronograph,Royal Oak Offshore,21095.0,True,steel,False,steel,False,blue
3818,380,audemars piguet,False,Lady,Royal Oak,39875.0,True,rose gold,False,gold/steel,False,silver
3820,382,audemars piguet,False,Standard,Royal Oak Jumbo,65925.0,False,steel,False,steel,False,blue
3821,383,audemars piguet,False,Chronograph,Royal Oak Offshore,32995.0,True,ceramic,False,rose gold,False,black
3822,385,audemars piguet,False,Standard,Royal Oak,51400.0,True,rose gold,False,rose gold,False,black
3823,386,audemars piguet,False,Chronograph,Royal Oak Offshore,37000.0,False,titanium,False,titanium,False,blue
3824,387,audemars piguet,False,Chronograph,Royal Oak,47995.0,True,steel,False,steel,False,silver
3825,388,audemars piguet,True,Automatic,Royal Oak,43672.0,False,steel,False,steel,False,blue
3826,389,audemars piguet,False,Diver,Royal Oak Offshore,18475.0,False,steel,False,steel,False,black
3827,390,audemars piguet,False,Lady,Royal Oak Offshore,51800.0,True,gem-set,False,steel,False,pink
3828,391,audemars piguet,False,Chronograph,Royal Oak Offshore,24500.0,False,titanium,False,titanium,False,grey
3829,392,audemars piguet,False,Standard,Royal Oak Offshore,21950.0,True,ceramic,False,ceramic,False,black
3830,393,audemars piguet,False,Chronograph,Royal Oak Offshore,38495.0,True,ceramic,False,steel,False,brown
3831,394,audemars piguet,False,Chronograph,Royal Oak,73950.0,False,rose gold,False,rose gold,False,black
3832,395,audemars piguet,False,Chronograph,Royal Oak Offshore,17499.0,False,steel,False,steel,False,silver
3833,397,audemars piguet,True,Chronograph,Royal Oak,41593.0,False,steel,False,steel,False,black
3834,398,audemars piguet,False,Diver,Royal Oak Offshore,33800.0,False,steel,False,steel,False,blue
3837,401,audemars piguet,False,Chronograph,Royal Oak Offshore,35500.0,False,titanium,False,titanium,False,green
3838,402,audemars piguet,False,Automatic,Royal Oak,60000.0,False,steel,False,steel,False,blue
3839,403,audemars piguet,False,Automatic,Royal Oak,76129.0,False,rose gold,False,rose gold,False,white
3840,405,audemars piguet,False,Chronograph,Royal Oak Offshore,17900.0,False,steel,False,steel,False,black
3841,406,audemars piguet,False,Standard,Royal Oak,99995.0,False,rose gold,False,rose gold,False,blue
3842,407,audemars piguet,False,Chronograph,Royal Oak,96000.0,False,rose gold,False,rose gold,False,blue
3843,408,audemars piguet,False,Chronograph,Royal Oak Offshore,52900.0,True,ceramic,False,steel,False,brown
3844,409,audemars piguet,False,Double Balance Wheel Openworked,Royal Oak,159750.0,True,steel,False,steel,False,skeletonized
3847,413,audemars piguet,False,Standard,Code 11.59,41749.0,True,rose gold,False,rose gold,False,blue
3848,415,audemars piguet,False,Chronograph,Royal Oak Offshore,19880.0,False,steel,False,steel,False,black
3850,417,audemars piguet,True,Automatic,Royal Oak,33272.0,False,rose gold,False,rose gold,False,white
3851,418,audemars piguet,False,Chronograph,Royal Oak,63000.0,True,steel,False,steel,False,blue
3852,419,audemars piguet,False,Standard,Royal Oak Jumbo,84900.0,True,steel,False,steel,False,blue
3853,420,audemars piguet,False,Standard,Code 11.59,36374.0,False,rose gold,False,rose gold,False,green
3854,421,audemars piguet,False,Diver,Royal Oak Offshore,28975.0,False,steel,False,steel,False,green
3855,422,audemars piguet,False,Diver,Royal Oak Offshore,20729.0,True,steel,False,steel,False,white
3856,423,audemars piguet,False,Diver,Royal Oak Offshore,25950.0,False,steel,False,steel,False,grey
3857,424,audemars piguet,False,Chronograph,Royal Oak,122999.0,False,rose gold,False,rose gold,False,blue
3858,425,audemars piguet,False,Standard,Royal Oak,43895.0,True,steel,False,steel,False,white
3862,430,audemars piguet,False,Mini,Royal Oak,90000.0,False,rose gold,False,rose gold,False,pink
3863,431,audemars piguet,False,Standard,Royal Oak,46750.0,False,steel,False,steel,False,grey
3866,434,audemars piguet,False,Lady,Royal Oak Offshore,85900.0,False,rose gold,False,rose gold,False,blue
3867,435,audemars piguet,False,Mini,Royal Oak,98950.0,False,white gold,False,white gold,False,grey
3869,437,audemars piguet,False,Chronograph,Royal Oak Offshore,34880.0,True,rose gold,False,gold/steel,False,blue
3870,439,audemars piguet,False,Chronograph,Royal Oak,58335.0,True,rose gold,False,rose gold,False,brown
3871,440,audemars piguet,True,Standard,Unknown/Other,8313.0,False,white gold,False,white gold,False,blue
3872,441,audemars piguet,False,Chronograph,Royal Oak,51800.0,False,steel,False,steel,False,silver
3873,443,audemars piguet,False,Automatic,Royal Oak,50350.0,True,steel,False,steel,False,blue
3875,445,audemars piguet,False,Diver,Royal Oak Offshore,20450.0,False,steel,False,steel,False,black
3876,446,audemars piguet,False,Chronograph,Royal Oak,79995.0,True,steel,False,white gold,False,white
3877,447,audemars piguet,False,Chronograph,Royal Oak Offshore,17895.0,False,steel,False,steel,False,silver
3878,448,audemars piguet,False,Chronograph,Royal Oak Offshore,23750.0,True,ceramic,False,titanium,False,grey
3879,449,audemars piguet,True,Lady,Royal Oak,12472.0,False,yellow gold,False,gold/steel,False,grey
3880,450,audemars piguet,False,Chronograph,Royal Oak Offshore,53400.0,True,ceramic,False,ceramic,False,blue
3881,451,audemars piguet,False,Standard,Royal Oak,45850.0,False,steel,False,steel,False,white
3882,452,audemars piguet,False,Chronograph,Royal Oak,58525.0,True,rose gold,False,rose gold,False,brown
3883,453,audemars piguet,False,Standard,Code 11.59,29949.0,True,white gold,False,rose gold,False,grey
3884,454,audemars piguet,False,Automatic,Royal Oak,40975.0,False,rose gold,False,rose gold,False,silver
3885,455,audemars piguet,False,Chronograph,Royal Oak Offshore,27597.0,True,ceramic,False,ceramic,False,black
3886,457,audemars piguet,False,Chronograph,Royal Oak Offshore,71753.0,False,rose gold,False,rose gold,False,grey
3887,458,audemars piguet,True,Chronograph,Royal Oak Offshore,83193.0,False,yellow gold,False,yellow gold,False,blue
3889,461,audemars piguet,False,Chronograph,Royal Oak,48499.0,False,steel,False,steel,False,blue
3890,462,audemars piguet,False,Chronograph,Royal Oak,49990.0,False,rose gold,False,rose gold,False,black
3891,463,audemars piguet,False,Chronograph,Royal Oak Offshore,24250.0,False,ceramic,False,titanium,False,grey
3892,464,audemars piguet,False,Chronograph,Royal Oak Offshore,21095.0,False,steel,False,steel,False,brown
3894,466,audemars piguet,False,Chronograph,Royal Oak Offshore,17495.0,False,steel,False,steel,False,black
3896,469,audemars piguet,False,Perpetual Calendar,Royal Oak,158000.0,True,rose gold,False,rose gold,False,silver
3897,470,audemars piguet,False,Diver,Royal Oak Offshore,37950.0,False,ceramic,False,white gold,False,black
3902,475,audemars piguet,False,Standard,Code 11.59,34749.0,True,rose gold,False,rose gold,False,blue
3903,476,audemars piguet,True,Standard,Royal Oak,20793.0,False,rose gold,False,tantalum,False,grey
3904,477,audemars piguet,False,Diver,Royal Oak Offshore,21000.0,False,steel,False,steel,False,yellow
3905,478,audemars piguet,False,Standard,Royal Oak,43800.0,True,steel,False,steel,False,white
3906,479,audemars piguet,False,Standard,Royal Oak,42495.0,True,steel,False,steel,False,grey
3907,480,audemars piguet,False,Automatic,Royal Oak,104300.0,True,rose gold,False,rose gold,False,blue
3909,482,audemars piguet,False,Automatic,Royal Oak,37895.0,False,steel,False,steel,False,black
3910,483,audemars piguet,False,Chronograph,Royal Oak,98000.0,False,yellow gold,False,yellow gold,False,blue
3911,484,audemars piguet,False,Standard,Code 11.59,41749.0,True,rose gold,False,rose gold,False,blue
3913,486,audemars piguet,False,Standard,Royal Oak Jumbo,126500.0,True,white gold,False,white gold,False,blue
3914,487,audemars piguet,False,Standard,Royal Oak,30995.0,True,steel,False,steel,False,brown
3915,488,audemars piguet,False,Chronograph,Royal Oak Offshore,22495.0,False,steel,False,steel,False,black
3916,489,audemars piguet,False,Chronograph,Royal Oak Offshore,27000.0,False,ceramic,False,titanium,False,grey
3917,490,audemars piguet,False,Standard,Royal Oak Jumbo,83950.0,True,rose gold,False,rose gold,False,white
3918,491,audemars piguet,False,Automatic,Royal Oak,47120.0,False,steel,False,steel,False,blue
3919,492,audemars piguet,False,Chronograph,Royal Oak,83000.0,True,rose gold,False,rose gold,False,green
3920,493,audemars piguet,False,Chronograph,Royal Oak Offshore,32249.0,True,titanium,False,titanium,False,blue
3922,495,audemars piguet,False,Standard,Royal Oak,49400.0,True,steel,False,steel,False,white
3923,496,audemars piguet,False,Chronograph,Royal Oak Offshore,36200.0,False,rose gold,False,rose gold,False,champagne
3924,497,audemars piguet,False,Chronograph,Royal Oak Offshore,22995.0,False,steel,False,steel,False,blue
3925,499,audemars piguet,False,Chronograph,Royal Oak Offshore,21998.0,False,steel,False,steel,False,blue
3927,502,audemars piguet,False,Chronograph,Royal Oak Offshore,39500.0,False,ceramic,False,steel,False,brown
3928,503,audemars piguet,False,Chronograph,Royal Oak Offshore,23000.0,False,steel,False,steel,False,blue
3929,506,audemars piguet,False,Diver,Royal Oak Offshore,20300.0,True,steel,False,steel,False,black
3930,507,audemars piguet,False,Chronograph,Royal Oak,49995.0,False,steel,False,steel,False,silver
3931,508,audemars piguet,False,Chronograph,Royal Oak Offshore,33997.0,False,ceramic,False,steel,False,black
3932,509,audemars piguet,False,Chronograph,Royal Oak,56900.0,True,steel,False,steel,False,black
3933,510,audemars piguet,False,Chronograph,Royal Oak Offshore,27500.0,False,ceramic,False,titanium,False,grey
3934,511,audemars piguet,False,Chronograph,Royal Oak Offshore,59495.0,True,rose gold,False,rose gold,False,white
3935,512,audemars piguet,False,Chronograph,Royal Oak,178000.0,False,white gold,False,white gold,False,purple
3936,513,audemars piguet,False,Diver,Royal Oak Offshore,25949.0,False,steel,False,steel,False,blue
3937,514,audemars piguet,False,Automatic,Royal Oak,88495.0,False,rose gold,False,rose gold,False,silver
3938,515,audemars piguet,False,Chronograph,Royal Oak,65000.0,False,steel,False,steel,False,black
3939,517,audemars piguet,False,Chronograph,Royal Oak,61500.0,False,rose gold,False,rose gold,False,blue
3940,518,audemars piguet,False,Standard,Royal Oak Jumbo,195000.0,False,yellow gold,False,yellow gold,False,skeletonized
3941,519,audemars piguet,False,Automatic,Royal Oak,67997.0,True,steel,False,steel,False,blue
3942,520,audemars piguet,False,Chronograph,Royal Oak Offshore,18575.0,False,steel,False,steel,False,black
3943,521,audemars piguet,False,Chronograph,Royal Oak,49000.0,False,silver,False,steel,False,silver
3944,522,audemars piguet,False,Chronograph,Royal Oak,50000.0,True,steel,False,steel,False,grey
3945,523,audemars piguet,False,Automatic,Royal Oak,70000.0,True,rose gold,False,rose gold,False,silver
3946,524,audemars piguet,False,Standard,Royal Oak,56500.0,True,steel,False,steel,False,green
3947,525,audemars piguet,False,Standard,Code 11.59,35182.0,False,rose gold,False,rose gold,False,purple
3948,526,audemars piguet,False,Perpetual Calendar,Royal Oak,214698.0,False,rose gold,False,rose gold,False,gold
3949,527,audemars piguet,True,Chronograph,Royal Oak Offshore,18713.0,False,steel,False,steel,False,champagne
3951,529,audemars piguet,False,Chronograph,Royal Oak,133400.0,False,rose gold,False,rose gold,False,blue
3952,530,audemars piguet,False,Diver,Royal Oak Offshore,27250.0,True,steel,False,steel,False,grey
3953,531,audemars piguet,False,Standard,Code 11.59,23949.0,True,rose gold,False,rose gold,False,purple
3954,532,audemars piguet,False,Standard,Code 11.59,27880.0,True,rose gold,False,rose gold,False,blue
3955,533,audemars piguet,False,Chronograph,Royal Oak Offshore,39800.0,False,ceramic,False,rose gold,False,black
3957,535,audemars piguet,False,Perpetual Calendar,Royal Oak,128999.0,False,steel,False,steel,False,blue
3958,536,audemars piguet,True,Chronograph,Royal Oak Offshore,21312.0,False,steel,False,steel,False,black
3959,537,audemars piguet,False,Chronograph,Royal Oak Offshore,30500.0,False,ceramic,False,steel,False,black
3960,538,audemars piguet,False,Standard,Code 11.59,31375.0,False,white gold,False,white gold,False,blue
3961,539,audemars piguet,False,Chronograph,Royal Oak Offshore,23950.0,True,steel,False,steel,False,white
3962,541,audemars piguet,False,Diver,Royal Oak Offshore,26900.0,True,steel,False,steel,False,grey
3963,542,audemars piguet,False,Standard,Royal Oak Jumbo,79000.0,False,yellow gold,False,yellow gold,False,white
3964,543,audemars piguet,False,Automatic,Royal Oak,38521.0,False,rose gold,False,rose gold,False,white
3965,544,audemars piguet,False,Diver,Royal Oak Offshore,31999.0,False,ceramic,False,ceramic,False,black
3966,545,audemars piguet,True,Standard,Royal Oak,42632.0,False,steel,False,steel,False,black
3967,547,audemars piguet,False,Chronograph,Royal Oak Offshore,20999.0,False,steel,False,steel,False,black
3968,548,audemars piguet,False,Standard,Royal Oak,48250.0,True,steel,False,steel,False,black
3969,549,audemars piguet,False,Standard,Code 11.59,28749.0,True,rose gold,False,rose gold,False,green
3970,550,audemars piguet,False,Automatic,Royal Oak,47490.0,True,steel,False,steel,False,black
3971,551,audemars piguet,False,Diver,Royal Oak Offshore,36300.0,True,ceramic,False,ceramic,False,black
3973,553,audemars piguet,False,Automatic,Royal Oak,45999.0,False,steel,False,steel,False,grey
3974,555,audemars piguet,False,Admiral,Royal Oak Offshore,21250.0,False,steel,False,steel,False,white
3976,557,audemars piguet,False,Chronograph,Royal Oak Offshore,44325.0,False,ceramic,False,titanium,False,grey
3977,558,audemars piguet,False,Automatic,Royal Oak,120800.0,True,yellow gold,False,yellow gold,False,gold
3978,559,audemars piguet,False,Standard,Code 11.59,22995.0,True,white gold,False,white gold,False,blue
3979,560,audemars piguet,False,Automatic,Royal Oak,43500.0,True,rose gold,False,steel,False,white
3980,561,audemars piguet,False,Chronograph,Royal Oak Offshore,47720.0,False,steel,False,steel,False,blue
3981,562,audemars piguet,False,Lady,Royal Oak,16999.0,False,steel,False,steel,False,black
3982,563,audemars piguet,True,Chronograph,Royal Oak Offshore,19753.0,False,steel,False,steel,False,black
3983,565,audemars piguet,False,Chronograph,Royal Oak,66999.0,False,steel,False,steel,False,blue
3984,566,audemars piguet,False,Chronograph,Royal Oak Offshore,34195.0,False,ceramic,False,rose gold,False,black
3985,567,audemars piguet,False,Standard,Code 11.59,23449.0,True,white gold,False,white gold,False,blue
3987,569,audemars piguet,False,Automatic,Royal Oak,44000.0,True,rose gold,False,steel,False,white
3988,570,audemars piguet,False,Automatic,Royal Oak,42999.0,True,rose gold,False,rose gold,False,black
3989,571,audemars piguet,False,Chronograph,Royal Oak,46500.0,False,steel,False,steel,False,silver
3991,575,audemars piguet,False,Chronograph,Royal Oak Offshore,52890.0,False,ceramic,False,ceramic,False,blue
3992,576,audemars piguet,False,Standard,Code 11.59,26684.0,True,white gold,False,rose gold,False,grey
3994,578,audemars piguet,False,Automatic,Royal Oak,58999.0,False,steel,False,steel,False,blue
3995,579,audemars piguet,False,Automatic,Royal Oak,42500.0,False,rose gold,False,rose gold,False,silver
3996,580,audemars piguet,False,Standard,Code 11.59,29849.0,True,white gold,False,white gold,False,blue
3997,582,audemars piguet,False,Standard,Code 11.59,260000.0,True,white gold,False,white gold,False,grey
3998,583,audemars piguet,False,Chronograph,Royal Oak,89999.0,False,rose gold,False,rose gold,False,brown
3999,584,audemars piguet,True,Standard,Code 11.59,20273.0,False,rose gold,False,rose gold,False,black
4000,585,audemars piguet,False,Chronograph,Royal Oak Offshore,39999.0,False,ceramic,False,ceramic,False,green
4002,587,audemars piguet,False,Chronograph,Royal Oak Offshore,21997.0,False,steel,False,steel,False,black
4003,588,audemars piguet,False,Standard,Royal Oak,48775.0,True,steel,False,steel,False,black
4004,590,audemars piguet,False,Chronograph,Royal Oak Offshore,45749.0,True,steel,False,steel,False,blue
4005,591,audemars piguet,False,Perpetual Calendar,Royal Oak,169944.0,False,rose gold,False,rose gold,False,blue
4006,592,audemars piguet,False,Diver,Royal Oak Offshore,26999.0,True,steel,False,steel,False,green
4008,594,audemars piguet,False,Chronograph,Royal Oak Offshore,32749.0,True,titanium,False,titanium,False,blue
4009,596,audemars piguet,False,Chronograph,Royal Oak Offshore,44997.0,False,rose gold,False,rose gold,False,black
4010,597,audemars piguet,False,Diver,Royal Oak Offshore,31997.0,True,steel,False,steel,False,green
4011,598,audemars piguet,True,Automatic,Royal Oak,44713.0,False,steel,False,steel,False,blue
4013,600,audemars piguet,True,Automatic,Royal Oak,35353.0,False,steel,False,steel,False,black
4014,601,audemars piguet,False,Standard,Code 11.59,37000.0,True,rose gold,False,rose gold,False,blue
4015,602,audemars piguet,False,Automatic,Royal Oak,43000.0,True,rose gold,False,steel,False,white
4017,604,audemars piguet,True,Chronograph,Royal Oak,43152.0,False,steel,False,steel,False,black
4018,605,audemars piguet,False,Standard,Unknown/Other,62499.0,False,white gold,False,white gold,False,blue
4020,608,audemars piguet,False,Tourbillon Chronograph,Royal Oak Offshore,98500.0,False,carbon,False,rose gold,False,black
4021,609,audemars piguet,False,Standard,Royal Oak,47495.0,True,steel,False,steel,False,black
4022,610,audemars piguet,False,Standard,Royal Oak Offshore,94000.0,False,ceramic,False,ceramic,False,black
4023,611,audemars piguet,False,Chronograph,Royal Oak,60950.0,False,rose gold,False,rose gold,False,blue
4024,612,audemars piguet,False,Chronograph,Royal Oak,45100.0,True,steel,False,steel,False,grey
4025,613,audemars piguet,False,Chronograph,Royal Oak,74800.0,True,steel,False,steel,False,blue
4026,614,audemars piguet,False,Diver,Royal Oak Offshore,21250.0,True,steel,False,steel,False,yellow
4027,615,audemars piguet,False,Automatic,Royal Oak,88497.0,False,rose gold,False,rose gold,False,white
4030,618,audemars piguet,False,Diver,Royal Oak Offshore,21735.0,False,steel,False,steel,False,blue
4031,620,audemars piguet,False,Chronograph,Royal Oak Offshore,39875.0,False,steel,False,steel,False,white
4032,621,audemars piguet,False,Chronograph,Royal Oak Offshore,54111.0,False,ceramic,False,ceramic,False,black
4034,625,audemars piguet,False,Standard,Code 11.59,47500.0,True,rose gold,False,ceramic,False,grey
4035,626,audemars piguet,False,Chronograph,Royal Oak Offshore,21299.0,False,ceramic,False,steel,False,white
4036,627,audemars piguet,False,Chronograph,Royal Oak Offshore,23499.0,False,steel,False,steel,False,brown
4037,628,audemars piguet,False,Standard,Royal Oak,45273.0,True,steel,False,steel,False,white
4038,629,audemars piguet,False,Chronograph,Royal Oak Offshore,38111.0,False,steel,False,steel,False,blue
4039,630,audemars piguet,True,Standard,Royal Oak Offshore,42632.0,False,steel,False,steel,False,blue
4040,632,audemars piguet,False,Diver,Royal Oak Offshore,19995.0,True,steel,False,steel,False,black
4041,633,audemars piguet,False,Chronograph,Royal Oak,59288.0,False,rose gold,False,rose gold,False,blue
4042,634,audemars piguet,False,Chronograph,Royal Oak Offshore,20995.0,False,steel,False,steel,False,black
4044,636,audemars piguet,False,Standard,Royal Oak,43997.0,True,steel,False,steel,False,silver
4045,637,audemars piguet,False,Automatic,Royal Oak,98900.0,True,rose gold,False,rose gold,False,silver
4046,638,audemars piguet,False,Standard,Royal Oak Offshore,36500.0,False,ceramic,False,rose gold,False,black
4047,639,audemars piguet,False,Diver,Royal Oak Offshore,21249.0,True,steel,False,steel,False,blue
4048,640,audemars piguet,False,Chronograph,Royal Oak,47599.0,False,steel,False,steel,False,black
4049,641,audemars piguet,False,Standard,Code 11.59,33320.0,False,white gold,False,white gold,False,grey
4050,642,audemars piguet,False,Standard,Royal Oak,57999.0,False,steel,False,steel,False,black
4051,643,audemars piguet,False,Chronograph,Royal Oak Offshore,130200.0,False,gem-set,False,rose gold,False,black
4052,645,audemars piguet,False,Automatic,Royal Oak,75250.0,False,rose gold,False,rose gold,False,silver
4053,646,audemars piguet,False,Automatic,Royal Oak,67425.0,False,steel,False,steel,False,blue
4054,649,audemars piguet,False,Chronograph,Royal Oak,59500.0,False,steel,False,steel,False,black
4055,651,audemars piguet,False,Chronograph,Royal Oak,64900.0,False,rose gold,False,rose gold,False,blue
4056,652,audemars piguet,False,Chronograph,Royal Oak,68500.0,False,rose gold,False,rose gold,False,blue
4057,653,audemars piguet,False,Automatic,Royal Oak,69995.0,False,steel,False,steel,False,blue
4058,656,audemars piguet,False,Chronograph,Royal Oak Offshore,24190.0,False,steel,False,steel,False,brown
4059,657,audemars piguet,False,Diver,Royal Oak Offshore,27999.0,False,steel,False,steel,False,blue
4060,658,audemars piguet,False,Standard,Unknown/Other,62500.0,False,white gold,False,white gold,False,blue
4061,659,audemars piguet,False,Diver,Royal Oak Offshore,44115.0,False,ceramic,False,ceramic,False,white
4062,660,audemars piguet,False,Standard,Royal Oak Offshore,52575.0,False,ceramic,False,ceramic,False,black
4063,661,audemars piguet,False,Standard,Royal Oak,100000.0,True,rose gold,False,rose gold,False,black
4064,662,audemars piguet,False,Standard,Royal Oak,46997.0,True,steel,False,steel,False,grey
4066,664,audemars piguet,False,Chronograph,Royal Oak,133999.0,True,rose gold,False,rose gold,False,blue
4067,665,audemars piguet,False,Chronograph,Royal Oak Offshore,61500.0,True,ceramic,False,ceramic,False,black
4068,666,audemars piguet,False,Chronograph,Royal Oak Offshore,51075.0,False,ceramic,False,ceramic,False,black
4069,668,audemars piguet,False,Chronograph,Royal Oak Offshore,98500.0,False,yellow gold,False,yellow gold,False,blue
4070,669,audemars piguet,False,Diver,Royal Oak Offshore,19597.0,False,steel,False,steel,False,silver
4071,670,audemars piguet,False,Chronograph,Royal Oak Offshore,67495.0,False,ceramic,False,ceramic,False,silver
4072,671,audemars piguet,False,Chronograph,Royal Oak Offshore,47997.0,False,steel,False,steel,False,blue
4073,672,audemars piguet,False,Chronograph,Royal Oak Offshore,51495.0,False,ceramic,False,ceramic,False,black
4075,674,audemars piguet,False,Diver,Royal Oak Offshore,27949.0,False,steel,False,steel,False,grey
4077,676,audemars piguet,False,Chronograph,Royal Oak Offshore,50995.0,False,steel,False,steel,False,blue
4078,677,audemars piguet,False,Standard,Unknown/Other,63497.0,False,white gold,False,white gold,False,blue
4081,680,audemars piguet,False,Chronograph,Royal Oak,55999.0,False,steel,False,steel,False,silver
4082,681,audemars piguet,False,Automatic,Royal Oak,99999.0,False,rose gold,False,rose gold,False,blue
4085,684,audemars piguet,False,Chronograph,Royal Oak Offshore,59995.0,True,ceramic,False,ceramic,False,black
4086,685,audemars piguet,False,Standard,Royal Oak,148000.0,False,steel,False,white gold,False,blue
4092,691,audemars piguet,False,Standard,Code 11.59,23000.0,True,steel,False,steel,False,blue
4097,696,audemars piguet,False,Chronograph,Royal Oak Offshore,39997.0,True,titanium,False,titanium,False,green
4098,697,audemars piguet,False,Automatic,Royal Oak,53700.0,True,steel,False,steel,False,grey
4099,698,audemars piguet,False,Standard,Code 11.59,79495.0,True,white gold,False,white gold,False,blue
4100,699,audemars piguet,False,Chronograph,Royal Oak Offshore,44500.0,False,ceramic,False,titanium,False,grey
4101,701,audemars piguet,False,Chronograph,Royal Oak,51995.0,True,steel,False,steel,False,white
4102,702,audemars piguet,False,Chronograph Volcano,Royal Oak Offshore,20295.0,False,steel,False,steel,False,black
4105,707,audemars piguet,False,Chronograph,Royal Oak Offshore,34950.0,False,ceramic,False,rose gold,False,black
4106,708,audemars piguet,False,Standard,Royal Oak,48997.0,False,steel,False,steel,False,black
4107,710,audemars piguet,False,Chronograph,Royal Oak Offshore,23750.0,True,steel,False,steel,False,black
4108,711,audemars piguet,False,Standard,Code 11.59,20495.0,False,white gold,False,white gold,False,red
4110,713,audemars piguet,False,Chronograph,Royal Oak,47726.0,False,steel,False,steel,False,blue
4111,716,audemars piguet,False,Chronograph,Royal Oak Offshore,22459.0,True,steel,False,steel,False,black
4113,719,audemars piguet,False,Diver,Royal Oak Offshore,26997.0,False,steel,False,steel,False,green
4114,721,audemars piguet,False,Chronograph,Royal Oak Offshore,22999.0,False,steel,False,steel,False,black
4115,722,audemars piguet,False,Chronograph,Royal Oak Offshore,27288.0,False,titanium,False,titanium,False,blue
4116,723,audemars piguet,False,Chronograph,Royal Oak Offshore,31800.0,False,titanium,False,titanium,False,blue
4118,727,audemars piguet,True,Chronograph,Royal Oak Offshore,39500.0,True,ceramic,False,ceramic,False,green
4119,728,audemars piguet,True,Standard,Royal Oak Offshore,23912.0,False,steel,False,titanium,False,black
4120,729,audemars piguet,False,Diver,Royal Oak Offshore,20995.0,True,steel,False,steel,False,white
4125,736,audemars piguet,True,Chronograph,Royal Oak,88393.0,False,rose gold,False,rose gold,False,brown
4127,738,audemars piguet,False,Chronograph,Royal Oak,58344.0,False,rose gold,False,rose gold,False,brown
4128,740,audemars piguet,False,Diver,Royal Oak Offshore,20875.0,True,steel,False,steel,False,black
4129,741,audemars piguet,True,Chronograph,Royal Oak,37433.0,False,steel,False,steel,False,white
4130,742,audemars piguet,False,Diver,Royal Oak Offshore,29995.0,False,steel,False,steel,False,blue
4132,745,audemars piguet,False,Chronograph,Royal Oak Offshore,45800.0,False,titanium,False,titanium,False,blue
4134,747,audemars piguet,False,Perpetual Calendar,Royal Oak,104500.0,False,steel,False,steel,False,blue
4136,749,audemars piguet,False,Chronograph,Royal Oak Offshore,36500.0,True,ceramic,False,ceramic,False,grey
4137,750,audemars piguet,False,Chronograph,Royal Oak Offshore,20995.0,True,ceramic,False,steel,False,silver
4138,752,audemars piguet,False,Diver,Royal Oak Offshore,29595.0,False,steel,False,steel,False,blue
4139,754,audemars piguet,False,Chronograph,Royal Oak,125000.0,False,rose gold,False,rose gold,False,blue
4142,759,audemars piguet,False,Perpetual Calendar,Royal Oak,115000.0,False,steel,False,steel,False,blue
4143,760,audemars piguet,False,Chronograph,Royal Oak Offshore,24995.0,True,steel,False,steel,False,black
4144,761,audemars piguet,False,Chronograph,Royal Oak Offshore,27497.0,False,ceramic,False,steel,False,black
4145,762,audemars piguet,True,Chronograph,Royal Oak Offshore,22872.0,False,steel,False,steel,False,black
4147,764,audemars piguet,False,Chronograph Volcano,Royal Oak Offshore,19495.0,False,steel,False,steel,False,black
4148,765,audemars piguet,False,Chronograph,Royal Oak Offshore,45997.0,False,steel,False,steel,False,blue
4150,768,audemars piguet,False,Automatic,Royal Oak,36000.0,False,rose gold,False,gold/steel,False,silver
4151,770,audemars piguet,False,Chronograph,Royal Oak Offshore,42000.0,False,steel,False,steel,False,blue
4152,771,audemars piguet,False,Diver,Royal Oak Offshore,20295.0,True,steel,False,steel,False,black
4154,773,audemars piguet,False,Standard,Code 11.59,19997.0,False,white gold,False,rose gold,False,grey
4155,774,audemars piguet,False,Standard,Code 11.59,19500.0,False,steel,False,steel,False,green
4156,775,audemars piguet,False,Standard,Code 11.59,27499.0,True,steel,False,steel,False,green
4157,776,audemars piguet,False,Standard,Royal Oak,48999.0,False,steel,False,steel,False,silver
4158,777,audemars piguet,False,Diver,Royal Oak Offshore,22497.0,False,steel,False,steel,False,black
4163,783,audemars piguet,False,Chronograph,Royal Oak Offshore,36500.0,False,ceramic,False,steel,False,brown
4165,785,audemars piguet,False,Standard,Royal Oak Offshore,59500.0,False,rose gold,False,rose gold,False,grey
4167,790,audemars piguet,False,Chronograph,Royal Oak Offshore,46720.0,True,steel,False,steel,False,blue
4168,793,audemars piguet,False,Chronograph,Royal Oak Offshore,66145.0,False,ceramic,False,ceramic,False,black
4169,794,audemars piguet,False,Chronograph,Royal Oak Offshore,47995.0,False,ceramic,False,ceramic,False,black
4170,796,audemars piguet,False,Chronograph,Royal Oak Offshore,53476.0,False,ceramic,False,rose gold,False,black
4171,797,audemars piguet,False,Automatic,Royal Oak,62700.0,True,steel,False,steel,False,blue
4172,798,audemars piguet,False,Chronograph,Royal Oak Offshore,59495.0,True,ceramic,False,ceramic,False,black
4173,800,audemars piguet,False,Chronograph,Royal Oak Offshore,24397.0,False,ceramic,False,steel,False,silver
4175,802,audemars piguet,False,Automatic,Royal Oak,41000.0,False,steel,False,steel,False,black
4177,804,audemars piguet,False,Chronograph,Royal Oak Offshore,22675.0,False,steel,False,steel,False,black
4178,805,audemars piguet,False,Standard,Code 11.59,34200.0,True,rose gold,False,rose gold,False,blue
4179,806,audemars piguet,False,Chronograph,Royal Oak Offshore,23950.0,False,steel,False,steel,False,black
4182,809,audemars piguet,False,Standard,Royal Oak Offshore,21000.0,True,steel,False,steel,False,black
4183,810,audemars piguet,False,Chronograph,Royal Oak Offshore,24875.0,True,ceramic,False,carbon,False,black
4185,814,audemars piguet,False,Chronograph,Royal Oak,45798.0,False,steel,False,steel,False,black
4186,815,audemars piguet,False,Chronograph,Royal Oak Offshore,33060.0,True,ceramic,False,rose gold,False,black
4187,816,audemars piguet,False,Chronograph,Royal Oak Offshore,34997.0,False,ceramic,False,rose gold,False,black
4188,817,audemars piguet,False,Standard,Code 11.59,30000.0,False,rose gold,False,rose gold,False,champagne
4189,818,audemars piguet,False,Standard,Royal Oak,56500.0,False,steel,False,steel,False,blue
4191,820,audemars piguet,True,Chronograph,Royal Oak,33272.0,False,steel,False,steel,False,blue
4192,821,audemars piguet,False,Standard,Royal Oak,53000.0,True,steel,False,steel,False,green
4194,824,audemars piguet,False,Automatic,Royal Oak,99997.0,False,rose gold,False,rose gold,False,blue
4196,826,audemars piguet,False,Standard,Code 11.59,19995.0,False,white gold,False,rose gold,False,grey
4198,828,audemars piguet,False,Chronograph,Royal Oak Offshore,36500.0,False,ceramic,False,steel,False,brown
4199,829,audemars piguet,False,Chronograph,Royal Oak Offshore,35000.0,True,titanium,False,titanium,False,blue
4200,830,audemars piguet,False,Chronograph,Royal Oak Offshore,22795.0,False,steel,False,steel,False,white
4201,831,audemars piguet,False,Chronograph,Royal Oak Offshore,30500.0,False,ceramic,False,steel,False,black
4202,832,audemars piguet,True,Chronograph,Royal Oak Offshore,28073.0,False,ceramic,False,titanium,False,grey
4203,834,audemars piguet,False,Chronograph,Royal Oak Offshore,27100.0,False,steel,False,steel,False,blue
4206,837,audemars piguet,False,Automatic,Royal Oak,53999.0,False,platinum,False,titanium,False,silver
4208,839,audemars piguet,True,Chronograph,Royal Oak Offshore,33272.0,False,ceramic,False,rose gold,False,black
4209,840,audemars piguet,False,Chronograph,Royal Oak Offshore,47995.0,False,ceramic,False,ceramic,False,blue
4210,841,audemars piguet,False,Automatic,Royal Oak,97000.0,True,gem-set,False,rose gold,False,blue
4211,843,audemars piguet,False,Automatic,Royal Oak,43250.0,True,steel,False,steel,False,blue
4212,844,audemars piguet,False,Chronograph,Royal Oak Offshore,26700.0,False,ceramic,False,steel,False,black
4213,845,audemars piguet,False,Chronograph,Royal Oak Offshore,52695.0,True,ceramic,False,steel,False,blue
4215,848,audemars piguet,False,Diver,Royal Oak Offshore,18995.0,True,steel,False,steel,False,black
4218,851,audemars piguet,False,Perpetual Calendar,Royal Oak,179500.0,False,steel,False,steel,False,blue
4219,852,audemars piguet,True,Chronograph,Royal Oak,77993.0,False,yellow gold,False,yellow gold,False,blue
4220,853,audemars piguet,False,Double Balance Wheel Openworked,Royal Oak,164900.0,False,rose gold,False,rose gold,False,skeletonized
4221,854,audemars piguet,False,Standard,Royal Oak Jumbo,78990.0,True,yellow gold,False,yellow gold,False,champagne
4226,859,audemars piguet,False,Lady,Royal Oak,62800.0,True,yellow gold,False,yellow gold,False,blue
